Linux 4.2.2 (vm2_114) 	07/16/2017 	_x86_64_	(1 CPU)

05:54:54 PM       tps      rtps      wtps   bread/s   bwrtn/s
05:54:57 PM      0.00      0.00      0.00      0.00      0.00
05:55:00 PM      0.67      0.00      0.67      0.00     24.00
05:55:03 PM      0.00      0.00      0.00      0.00      0.00
05:55:06 PM      0.67      0.00      0.67      0.00      8.00
05:55:09 PM      0.00      0.00      0.00      0.00      0.00
05:55:12 PM      0.67      0.00      0.67      0.00      8.00
05:55:15 PM      0.00      0.00      0.00      0.00      0.00
05:55:18 PM      1.00      0.00      1.00      0.00     10.67
05:55:21 PM      0.00      0.00      0.00      0.00      0.00
05:55:24 PM      0.67      0.00      0.67      0.00      8.00
05:55:27 PM      0.00      0.00      0.00      0.00      0.00
05:55:30 PM      3.33      0.00      3.33      0.00     40.00
05:55:33 PM      0.00      0.00      0.00      0.00      0.00
05:55:36 PM      0.67      0.00      0.67      0.00      8.03
05:55:39 PM      0.00      0.00      0.00      0.00      0.00
05:55:42 PM      0.67      0.00      0.67      0.00      8.00
05:55:45 PM      0.00      0.00      0.00      0.00      0.00
05:55:48 PM      0.67      0.00      0.67      0.00      8.00
05:55:51 PM      0.00      0.00      0.00      0.00      0.00
05:55:54 PM      0.67      0.00      0.67      0.00      8.00
05:55:57 PM      0.00      0.00      0.00      0.00      0.00
05:56:00 PM      2.34      0.00      2.34      0.00     26.76
05:56:03 PM      0.00      0.00      0.00      0.00      0.00
05:56:06 PM      1.33      0.00      1.33      0.00     13.29
05:56:09 PM      0.00      0.00      0.00      0.00      0.00
05:56:12 PM      0.67      0.00      0.67      0.00      8.00
05:56:15 PM      0.00      0.00      0.00      0.00      0.00
05:56:18 PM      0.67      0.00      0.67      0.00      8.00
05:56:21 PM      0.00      0.00      0.00      0.00      0.00
05:56:24 PM      0.66      0.00      0.66      0.00      7.95
05:56:27 PM      0.00      0.00      0.00      0.00      0.00
05:56:30 PM      0.66      0.00      0.66      0.00      7.97
05:56:33 PM      0.00      0.00      0.00      0.00      0.00
05:56:36 PM      0.67      0.00      0.67      0.00      8.03
05:56:39 PM      0.00      0.00      0.00      0.00      0.00
05:56:42 PM      1.33      0.00      1.33      0.00     13.33
05:56:45 PM      0.00      0.00      0.00      0.00      0.00
05:56:48 PM      0.67      0.00      0.67      0.00      8.00
05:56:51 PM      0.00      0.00      0.00      0.00      0.00
05:56:54 PM      0.67      0.00      0.67      0.00      8.00
05:56:57 PM      0.00      0.00      0.00      0.00      0.00
05:57:00 PM      0.67      0.00      0.67      0.00     10.67
05:57:03 PM      0.00      0.00      0.00      0.00      0.00
05:57:06 PM      0.67      0.00      0.67      0.00      8.00
05:57:09 PM      0.00      0.00      0.00      0.00      0.00
05:57:12 PM      1.33      0.00      1.33      0.00     13.33
05:57:15 PM      0.00      0.00      0.00      0.00      0.00
05:57:18 PM      1.33      0.00      1.33      0.00     13.33
05:57:21 PM      0.00      0.00      0.00      0.00      0.00
05:57:24 PM      0.66      0.00      0.66      0.00      7.97
05:57:27 PM      0.00      0.00      0.00      0.00      0.00
05:57:30 PM      0.66      0.00      0.66      0.00      7.97
05:57:33 PM      0.00      0.00      0.00      0.00      0.00
05:57:36 PM      0.67      0.00      0.67      0.00      8.00
05:57:39 PM      0.00      0.00      0.00      0.00      0.00
05:57:42 PM      0.67      0.00      0.67      0.00      8.00
05:57:45 PM      0.00      0.00      0.00      0.00      0.00
05:57:48 PM      0.66      0.00      0.66      0.00      7.97
05:57:51 PM      0.00      0.00      0.00      0.00      0.00
05:57:54 PM      1.33      0.00      1.33      0.00     13.33
05:57:57 PM      0.00      0.00      0.00      0.00      0.00
05:58:00 PM      1.33      0.00      1.33      0.00     21.33
05:58:03 PM      0.00      0.00      0.00      0.00      0.00
05:58:06 PM      0.67      0.00      0.67      0.00      8.00
05:58:09 PM      0.00      0.00      0.00      0.00      0.00
05:58:12 PM      0.67      0.00      0.67      0.00      8.00
05:58:15 PM      0.00      0.00      0.00      0.00      0.00
05:58:18 PM      0.67      0.00      0.67      0.00      8.00
05:58:21 PM      0.00      0.00      0.00      0.00      0.00
05:58:24 PM      1.67      0.00      1.67      0.00     16.00
05:58:27 PM      0.00      0.00      0.00      0.00      0.00
05:58:30 PM      1.99      0.00      1.99      0.00     26.58
05:58:33 PM      0.00      0.00      0.00      0.00      0.00
05:58:36 PM      0.67      0.00      0.67      0.00      8.03
05:58:39 PM      0.00      0.00      0.00      0.00      0.00
05:58:42 PM      0.67      0.00      0.67      0.00      8.00
05:58:45 PM      0.00      0.00      0.00      0.00      0.00
05:58:48 PM      0.67      0.00      0.67      0.00      8.00
05:58:51 PM      0.00      0.00      0.00      0.00      0.00
05:58:54 PM      0.67      0.00      0.67      0.00      8.00
05:58:57 PM      0.00      0.00      0.00      0.00      0.00
05:59:00 PM      0.67      0.00      0.67      0.00     10.67
05:59:03 PM      0.00      0.00      0.00      0.00      0.00
05:59:06 PM      2.34      0.00      2.34      0.00     21.40
05:59:09 PM      0.00      0.00      0.00      0.00      0.00
05:59:12 PM      0.66      0.00      0.66      0.00      7.97
05:59:15 PM      0.00      0.00      0.00      0.00      0.00
05:59:18 PM      0.66      0.00      0.66      0.00      7.95
05:59:21 PM      0.00      0.00      0.00      0.00      0.00
05:59:24 PM      0.67      0.00      0.67      0.00      8.00
05:59:27 PM      0.00      0.00      0.00      0.00      0.00
05:59:30 PM      0.66      0.00      0.66      0.00      7.97
05:59:33 PM      0.00      0.00      0.00      0.00      0.00
05:59:36 PM      0.67      0.00      0.67      0.00      8.00
05:59:39 PM      0.67      0.00      0.67      0.00      5.35
05:59:42 PM      0.67      0.00      0.67      0.00      8.00
05:59:45 PM      0.00      0.00      0.00      0.00      0.00
05:59:48 PM      0.67      0.00      0.67      0.00      8.00
05:59:51 PM      0.00      0.00      0.00      0.00      0.00
05:59:54 PM      0.67      0.00      0.67      0.00      8.00
05:59:57 PM      0.00      0.00      0.00      0.00      0.00
06:00:00 PM      0.67      0.00      0.67      0.00     10.67
06:00:03 PM      1.00      0.00      1.00      0.00     18.67
06:00:06 PM      0.00      0.00      0.00      0.00      0.00
06:00:09 PM      1.33      0.00      1.33      0.00     16.00
06:00:12 PM      0.00      0.00      0.00      0.00      0.00
06:00:15 PM      2.33      0.00      2.33      0.00     26.58
06:00:18 PM      0.00      0.00      0.00      0.00      0.00
06:00:21 PM      0.67      0.00      0.67      0.00      8.00
06:00:24 PM      0.00      0.00      0.00      0.00      0.00
Average:         0.48      0.00      0.48      0.00      5.81
