Linux 4.2.2 (vm1_27) 	06/08/2017 	_x86_64_	(1 CPU)

07:06:49 PM       tps      rtps      wtps   bread/s   bwrtn/s
07:06:52 PM     14.00     14.00      0.00    277.33      0.00
07:06:55 PM      0.67      0.00      0.67      0.00     24.00
07:06:58 PM      0.00      0.00      0.00      0.00      0.00
07:07:01 PM      0.66      0.00      0.66      0.00      7.97
07:07:04 PM      0.00      0.00      0.00      0.00      0.00
07:07:07 PM      0.67      0.00      0.67      0.00      8.03
07:07:10 PM      0.00      0.00      0.00      0.00      0.00
07:07:13 PM      0.67      0.00      0.67      0.00      8.00
07:07:16 PM      0.00      0.00      0.00      0.00      0.00
07:07:19 PM      1.00      0.00      1.00      0.00     10.63
07:07:22 PM      0.00      0.00      0.00      0.00      0.00
07:07:25 PM      1.33      0.00      1.33      0.00     18.67
07:07:28 PM      0.00      0.00      0.00      0.00      0.00
07:07:31 PM      3.01      0.00      3.01      0.00     26.76
07:07:34 PM      0.00      0.00      0.00      0.00      0.00
07:07:37 PM      0.66      0.00      0.66      0.00      7.97
07:07:40 PM      0.00      0.00      0.00      0.00      0.00
07:07:43 PM      0.67      0.00      0.67      0.00      8.00
07:07:46 PM      0.00      0.00      0.00      0.00      0.00
07:07:49 PM      0.66      0.00      0.66      0.00      7.97
07:07:52 PM      0.00      0.00      0.00      0.00      0.00
07:07:55 PM      0.67      0.00      0.67      0.00     10.67
07:07:58 PM      0.00      0.00      0.00      0.00      0.00
07:08:01 PM      1.33      0.00      1.33      0.00     13.29
07:08:04 PM      0.66      0.33      0.33     15.95      2.66
07:08:07 PM      0.67      0.00      0.67      0.00      8.03
07:08:10 PM      0.00      0.00      0.00      0.00      0.00
07:08:13 PM      0.66      0.00      0.66      0.00      7.97
07:08:16 PM      0.00      0.00      0.00      0.00      0.00
07:08:19 PM      0.67      0.00      0.67      0.00      8.03
07:08:22 PM      0.00      0.00      0.00      0.00      0.00
07:08:25 PM      0.66      0.00      0.66      0.00      7.97
07:08:28 PM      0.00      0.00      0.00      0.00      0.00
07:08:31 PM      0.66      0.00      0.66      0.00      7.97
07:08:34 PM      0.67      0.00      0.67      0.00      5.33
07:08:37 PM      0.66      0.00      0.66      0.00      7.95
07:08:40 PM      0.00      0.00      0.00      0.00      0.00
07:08:43 PM      0.66      0.00      0.66      0.00      7.97
07:08:46 PM      0.00      0.00      0.00      0.00      0.00
07:08:49 PM      0.66      0.00      0.66      0.00      7.97
07:08:52 PM      0.00      0.00      0.00      0.00      0.00
07:08:55 PM      0.66      0.00      0.66      0.00     10.60
07:08:58 PM      0.00      0.00      0.00      0.00      0.00
07:09:01 PM      0.67      0.00      0.67      0.00      8.00
07:09:04 PM      0.00      0.00      0.00      0.00      0.00
07:09:07 PM      0.67      0.00      0.67      0.00      8.00
07:09:10 PM      0.67      0.00      0.67      0.00      5.33
07:09:13 PM      0.67      0.00      0.67      0.00      8.00
07:09:16 PM      0.33      0.00      0.33      0.00      2.67
07:09:19 PM      0.66      0.00      0.66      0.00      7.97
07:09:22 PM      0.00      0.00      0.00      0.00      0.00
07:09:25 PM      0.67      0.00      0.67      0.00      8.00
07:09:28 PM      0.00      0.00      0.00      0.00      0.00
07:09:31 PM      0.66      0.00      0.66      0.00      7.97
07:09:34 PM    260.82     54.57    206.25   2084.62  47065.38
07:09:37 PM     92.92     92.08      0.83   2310.00     10.00
07:09:41 PM    652.79    367.37    285.41  10068.97  62879.58
07:09:44 PM    370.68    195.68    175.00   6004.94  38735.80
07:09:47 PM   1044.33    852.32    192.01  13059.79  41461.86
07:09:50 PM    352.38    186.15    166.23   4993.94  13897.84
07:09:53 PM    557.00    508.67     48.33   7525.33   8008.00
07:09:56 PM    532.89    361.46    171.43   9525.58  37326.25
07:09:59 PM    658.00    599.33     58.67  10002.67   8421.33
07:10:02 PM   1099.67   1006.86     92.81  12264.05  16724.18
07:10:05 PM    302.67    251.00     51.67   7098.67  11733.33
07:10:08 PM    230.77    199.36     31.41   4266.67   4707.69
07:10:11 PM    372.34    279.33     93.01   7404.26  14723.40
07:10:14 PM    266.54    250.37     16.18   5897.06   2482.35
07:10:17 PM   1401.67   1251.33    150.33  22386.67  31050.67
07:10:21 PM    327.93    271.66     56.26   8706.37   7870.23
07:10:24 PM    225.00    223.48      1.52   9381.82      6.06
07:10:27 PM    298.41    220.95     77.46   7939.05  13386.67
07:10:30 PM    377.03    240.12    136.92   8946.51  26281.40
07:10:33 PM    471.82    266.32    205.50  10452.23  43708.59
07:10:36 PM    978.88    798.02    180.86  10867.33  37541.91
07:10:39 PM    368.98    227.72    141.25   7801.98  31482.51
07:10:42 PM    132.67    132.33      0.33   4112.00      5.33
07:10:45 PM    460.13    323.92    136.21  10384.05  24233.89
07:10:48 PM    342.86    263.12     79.73   9602.66  12473.09
07:10:51 PM    325.00    222.67    102.33   6352.00  17520.00
07:10:54 PM    424.58    340.20     84.39   9307.64  14522.26
07:10:57 PM    549.17    473.09     76.08   5174.75  13974.75
07:11:01 PM    304.07    150.41    153.66   6001.08  29279.13
07:11:04 PM    495.67    372.00    123.67  13160.00  21482.67
07:11:07 PM    225.43    177.14     48.29   5570.29   6592.00
07:11:10 PM    792.62    621.48    171.14  16260.40  35863.09
07:11:13 PM    312.58    193.71    118.87   7072.85  20619.87
07:11:16 PM   1357.48   1160.47    197.01  28454.49  43704.98
07:11:20 PM    649.26    518.56    130.69  13316.83  25116.83
07:11:23 PM    168.97    148.66     20.31   5272.03   5054.41
07:11:26 PM    204.09    171.38     32.70   4976.10   5766.04
07:11:29 PM    389.86    290.88     98.99   8354.05  20618.92
07:11:32 PM    388.04    273.42    114.62  11261.13  23739.53
07:11:35 PM    401.33    262.13    139.20   8773.42  28223.26
07:11:38 PM    199.67    156.15     43.52   6107.64   6304.32
07:11:41 PM    227.24    183.72     43.52   5746.18   6171.43
07:11:44 PM    412.00    334.00     78.00  10165.33  12440.00
07:11:47 PM    495.36    452.65     42.72   9753.64   7427.81
07:11:50 PM    156.53    112.16     44.38   4245.59   6579.94
07:11:53 PM    372.58    330.43     42.14  12409.36   9236.12
07:11:56 PM    334.39    213.69    120.70   6537.58  19803.82
07:11:59 PM    432.88    318.31    114.58  10836.61  18974.92
07:12:02 PM    274.09    102.66    171.43   4621.93  31282.39
07:12:06 PM    181.05     96.08     84.97   3968.63  16917.65
07:12:09 PM    165.12    108.31     56.81   5113.62  12887.71
07:12:12 PM   1331.89   1157.81    174.09  28536.88  39362.13
07:12:15 PM    346.13    275.56     70.57   7375.56  14814.96
07:12:18 PM    947.33    856.94     90.39  18422.78  16506.76
07:12:22 PM    313.31    190.09    123.22   6590.71  21877.40
07:12:25 PM    342.43    284.54     57.89  10000.00   9107.89
07:12:28 PM    387.02    288.50     98.53  10218.29  15546.90
07:12:31 PM    489.56    358.59    130.98  12417.51  25942.09
07:12:34 PM    531.54    398.99    132.55  13849.66  26442.95
07:12:37 PM   1432.12   1310.26    121.85  23777.48  25247.68
07:12:40 PM    509.33    384.33    125.00   6818.67  23952.00
07:12:43 PM    307.64    251.50     56.15   6822.59   9493.69
07:12:46 PM    614.57    472.85    141.72  13515.23  29780.13
07:12:49 PM    361.77    276.76     85.02   8934.56  15767.58
07:12:52 PM    254.00    248.67      5.33   5893.33    610.67
07:12:55 PM    407.28    302.65    104.64   9634.44  17978.81
07:12:58 PM   1463.79   1285.05    178.74  21932.23  39378.07
07:13:01 PM    208.45    137.90     70.55   6285.71  10334.69
07:13:05 PM    501.65    377.89    123.76  10740.59  25787.46
07:13:08 PM   1050.67    840.27    210.40  15363.76  44236.24
07:13:11 PM   1307.05   1216.97     90.08  15532.11  17554.05
07:13:15 PM    280.39    153.87    126.52   5500.55  24861.88
07:13:18 PM    445.08    288.26    156.82   7054.55  34939.39
07:13:21 PM    224.64    118.60    106.04   6114.01  24100.48
07:13:24 PM    175.60    163.16     12.44   3755.02   2874.64
07:13:27 PM    136.51     80.56     55.95   2765.08  11825.40
07:13:30 PM    439.13    376.52     62.61   9739.13  13370.43
07:13:33 PM    705.16    621.94     83.23  11610.32  16087.74
07:13:36 PM     79.38     79.38      0.00   3059.79      0.00
07:13:39 PM    156.42    155.74      0.68   4805.41     13.51
07:13:44 PM    194.88    108.23     86.65   4706.40  17769.65
07:13:47 PM    267.95    100.00    167.95   6211.97  36157.26
07:13:50 PM     87.92     87.58      0.34   2171.81      5.37
07:13:53 PM    261.33    141.33    120.00   3749.33  22314.67
07:13:56 PM   1741.28   1589.60    151.68  14748.99  33892.62
07:13:59 PM     90.27     89.93      0.34   2005.37      5.37
07:14:02 PM    152.84    152.51      0.33   3315.05      2.68
07:14:05 PM    633.49    536.12     97.37  13083.25  21263.16
07:14:08 PM    194.12    153.71     40.41   4272.12   8558.57
07:14:12 PM    205.88    143.28     62.61   4352.94   9768.07
07:14:15 PM    244.92    161.02     83.90   5074.58  15593.22
07:14:18 PM    158.67     83.33     75.33   3114.67  12018.67
07:14:22 PM    134.90    113.80     21.09   4031.25   3693.75
07:14:25 PM    209.03    174.92     34.11   4781.27   6635.45
07:14:28 PM    217.09    151.28     65.81   6028.49  12827.35
07:14:31 PM    321.77    246.06     75.71   8282.65  13592.43
07:14:35 PM    356.34    297.94     58.41   6820.06  11584.66
07:14:38 PM    684.85    571.04    113.80  12870.03  23652.53
07:14:41 PM    560.67    504.00     56.67   9938.67  12421.33
07:14:44 PM    382.33    276.00    106.33   9317.33  19850.67
07:14:48 PM    121.48     54.88     66.59   3521.04  11409.98
07:14:51 PM    294.31    185.95    108.36   6004.01  20767.89
07:14:55 PM    174.25    128.07     46.17   4139.21   8495.59
07:14:58 PM    889.51    831.82     57.69  14548.25  10545.45
07:15:02 PM    213.84    153.52     60.31   4484.60  13240.73
07:15:05 PM    196.97    195.24      1.73   5215.58     27.71
07:15:08 PM     50.33     49.67      0.67   1760.00      8.00
07:15:11 PM     60.13     60.13      0.00   2423.92      0.00
07:15:14 PM     40.80     40.13      0.67   2177.93     10.70
07:15:17 PM     47.67     47.67      0.00   2346.67      0.00
07:15:20 PM     42.33     42.00      0.33   1712.00      8.00
07:15:23 PM     44.33     44.00      0.33   1149.33      0.00
07:15:26 PM     73.67     67.00      6.67   2981.33    309.33
07:15:29 PM     53.33     41.33     12.00   1357.33    770.67
07:15:32 PM     48.00     32.33     15.67   1306.67   1832.00
07:15:35 PM     29.67     28.67      1.00   1016.00      5.33
07:15:38 PM     39.67     39.00      0.67   1490.67      8.00
07:15:41 PM     53.00     44.67      8.33   1898.67   1026.67
07:15:44 PM     54.85     44.15     10.70   2094.98   1835.45
07:15:47 PM     66.11     39.87     26.25   1956.15   3186.71
07:15:50 PM     32.00     31.67      0.33   1402.67      8.00
07:15:53 PM     59.33     50.00      9.33   2154.67   1669.33
07:15:56 PM     51.00     31.00     20.00   1504.00   3794.67
07:15:59 PM     42.00     41.00      1.00   1784.00      5.33
07:16:02 PM     53.16     43.19      9.97   1483.06    661.79
07:16:05 PM     83.00     62.00     21.00   2640.00   4149.33
07:16:08 PM    332.33    331.33      1.00  17405.33     21.33
07:16:11 PM    288.50    185.83    102.67   5873.80  19371.12
07:16:15 PM    374.70    309.04     65.66   6221.69  11026.51
07:16:19 PM    753.64    579.77    173.86   8030.91  35143.64
07:16:22 PM    871.58    831.29     40.29   9628.78   6728.06
07:16:25 PM    310.11    249.16     60.96   7004.49   9752.81
07:16:28 PM    944.64    789.70    154.94   8501.29  33270.39
07:16:31 PM    303.70    303.70      0.00   5078.52      0.00
07:16:36 PM    174.84     95.01     79.83   3991.32  12831.24
07:16:40 PM    644.74    558.76     85.98   9267.92  15118.06
07:16:43 PM    248.04    113.52    134.52   4011.39  23629.89
07:16:47 PM    187.03     92.92     94.10   2552.83  16528.30
07:16:50 PM    468.06    347.46    120.60   5432.84  22794.03
07:16:53 PM    158.92    100.96     57.96   3783.44  12838.22
07:16:58 PM    325.87    227.03     98.84   4535.91  21490.35
07:17:01 PM    237.12    102.68    134.45   2418.73  26421.40
07:17:06 PM    184.78     92.81     91.97   3575.48  18450.74
07:17:09 PM   1393.38   1220.86    172.52  17462.25  39231.79
07:17:13 PM    239.31    154.21     85.10   3348.60  18574.51
07:17:17 PM    314.80    143.37    171.43   4387.76  39046.94
07:17:19 PM   2584.02   2566.86     17.16  31105.33   3900.59
07:17:23 PM    409.55    276.12    133.43   6476.40  26332.58
07:17:27 PM   1391.73   1228.27    163.47  13896.53  34005.33
07:17:30 PM   1863.42   1799.33     64.09  15334.23  15272.48
07:17:33 PM    295.35    168.44    126.91   5390.03  24749.50
07:17:37 PM    246.46    207.78     38.68   3067.92   6328.30
07:17:40 PM   1021.07    923.55     97.52  16181.82  20204.96
07:17:43 PM    462.67    385.33     77.33   7293.33  15125.33
07:17:46 PM    660.80    592.36     68.44   7564.12  11564.12
07:17:49 PM    231.10    122.41    108.70   4907.02  20791.97
07:17:52 PM    106.33     47.00     59.33   2493.33   9802.67
07:17:55 PM    239.69    161.21     78.48   3976.68  13836.77
07:17:59 PM    407.84    365.83     42.01   6625.71   6984.33
07:18:02 PM    207.86    128.21     79.64   4760.00  14968.57
07:18:07 PM    981.64    884.67     96.98   9741.68  19825.49
07:18:10 PM   2066.95   1963.22    103.74  19967.82  20740.23
07:18:15 PM    445.49    320.44    125.05   5777.96  28152.30
07:18:19 PM   1405.50   1357.34     48.17  16478.90   8108.26
07:18:23 PM    428.12    301.88    126.25   4877.50  25952.50
07:18:26 PM   6959.18   6924.49     34.69  59151.02   7265.31
07:18:31 PM    231.29    147.30     83.99   4372.66  16735.25
07:18:34 PM   1052.63    863.97    188.66  10043.72  40012.96
07:18:39 PM    123.11     29.11     94.00   1331.56  19034.67
07:18:43 PM    212.24     65.68    146.57   2324.30  32270.13
07:18:46 PM    418.55    238.91    179.64   7638.01  38653.39
07:18:50 PM    150.13     76.10     74.03   2848.83  15428.57
07:18:54 PM    421.32    403.68     17.65   6992.16   3176.47
07:18:58 PM    458.90    238.65    220.25   7067.48  49938.65
07:19:02 PM   1075.76    985.28     90.48  11116.88  19326.41
07:19:05 PM   1831.30   1680.49    150.81  17801.63  28881.30
07:19:08 PM    299.60    197.58    102.02   4098.39  22729.03
07:19:11 PM    366.46    264.60    101.86   8864.60  16993.79
07:19:14 PM   1115.82   1007.07    108.75   9890.91  22367.68
07:19:18 PM    240.06    187.68     52.38   4466.11   8672.27
07:19:22 PM    936.91    817.21    119.70  10072.82  25955.11
07:19:25 PM    586.14    495.71     90.43   6743.23  17314.85
07:19:28 PM    248.15    152.19     95.96   3507.07  21823.57
07:19:31 PM    190.07     84.11    105.96   3268.87  19006.62
07:19:36 PM    376.18    329.64     46.55   4781.09   8350.55
07:19:39 PM    181.99    181.99      0.00   2314.18      0.00
07:19:42 PM    741.14    648.49     92.64   8069.57  17016.72
07:19:46 PM    458.29    346.63    111.66   4327.46  23291.19
07:19:49 PM    190.29    125.89     64.40   4038.83   9726.86
07:19:53 PM   1845.33   1661.87    183.47  16416.00  40000.00
07:19:57 PM    467.90    389.30     78.60   7271.62  15814.85
07:20:02 PM    817.33    756.89     60.44   8940.44  11893.33
07:20:05 PM    893.33    891.67      1.67   9077.33    218.67
07:20:08 PM     37.46     36.79      0.67    478.93      8.03
07:20:11 PM    266.78    178.07     88.70   3263.79  18338.87
07:20:14 PM    276.18    191.47     84.71   5360.00  17844.71
Average:       365.11    296.48     68.63   5894.50  13546.29
