Linux 4.2.2 (vm1_27) 	06/08/2017 	_x86_64_	(1 CPU)

08:05:30 PM       tps      rtps      wtps   bread/s   bwrtn/s
08:05:33 PM     13.33     13.33      0.00    352.00      0.00
08:05:36 PM      0.67      0.00      0.67      0.00     24.00
08:05:39 PM      0.33      0.00      0.33      0.00      2.67
08:05:42 PM      0.67      0.00      0.67      0.00      8.00
08:05:45 PM      0.00      0.00      0.00      0.00      0.00
08:05:48 PM      0.66      0.00      0.66      0.00      7.97
08:05:51 PM      0.00      0.00      0.00      0.00      0.00
08:05:54 PM      0.67      0.00      0.67      0.00      8.03
08:05:57 PM      0.00      0.00      0.00      0.00      0.00
08:06:00 PM      0.67      0.00      0.67      0.00      8.00
08:06:03 PM      1.00      0.33      0.67      2.67      5.33
08:06:06 PM      0.67      0.00      0.67      0.00     13.33
08:06:09 PM      2.33      0.00      2.33      0.00     18.67
08:06:12 PM      0.67      0.00      0.67      0.00      8.00
08:06:15 PM      0.00      0.00      0.00      0.00      0.00
08:06:18 PM      0.67      0.00      0.67      0.00      8.03
08:06:21 PM      0.00      0.00      0.00      0.00      0.00
08:06:24 PM      0.67      0.00      0.67      0.00      8.00
08:06:27 PM      0.00      0.00      0.00      0.00      0.00
08:06:30 PM      0.66      0.00      0.66      0.00      7.97
08:06:33 PM      0.00      0.00      0.00      0.00      0.00
08:06:36 PM      0.66      0.00      0.66      0.00     10.63
08:06:39 PM      0.67      0.00      0.67      0.00      5.33
08:06:42 PM      0.67      0.00      0.67      0.00      8.00
08:06:45 PM      0.33      0.00      0.33      0.00      2.67
08:06:48 PM      0.66      0.00      0.66      0.00      7.97
08:06:51 PM      0.00      0.00      0.00      0.00      0.00
08:06:54 PM      0.67      0.00      0.67      0.00      8.00
08:06:57 PM      0.00      0.00      0.00      0.00      0.00
08:07:00 PM      2.00      1.33      0.67    205.33     10.67
08:07:03 PM      0.33      0.33      0.00      2.67      0.00
08:07:06 PM      0.67      0.00      0.67      0.00     10.67
08:07:09 PM      0.00      0.00      0.00      0.00      0.00
08:07:12 PM      0.66      0.00      0.66      0.00      7.97
08:07:15 PM      0.67      0.00      0.67      0.00      5.33
08:07:18 PM      1.33      0.00      1.33      0.00     13.29
08:07:21 PM      0.00      0.00      0.00      0.00      0.00
08:07:24 PM      0.66      0.00      0.66      0.00      7.97
08:07:27 PM      0.00      0.00      0.00      0.00      0.00
08:07:30 PM      0.67      0.00      0.67      0.00      8.00
08:07:33 PM      0.00      0.00      0.00      0.00      0.00
08:07:36 PM      0.67      0.00      0.67      0.00     10.67
08:07:39 PM      0.00      0.00      0.00      0.00      0.00
08:07:42 PM      0.67      0.00      0.67      0.00      8.00
08:07:45 PM      0.00      0.00      0.00      0.00      0.00
08:07:48 PM      1.33      0.00      1.33      0.00     13.29
08:07:51 PM      0.00      0.00      0.00      0.00      0.00
08:07:54 PM      0.67      0.00      0.67      0.00      8.00
08:07:57 PM      0.00      0.00      0.00      0.00      0.00
08:08:00 PM      1.00      0.00      1.00      0.00     10.67
08:08:03 PM      0.33      0.33      0.00     16.00      0.00
08:08:06 PM      0.66      0.00      0.66      0.00      7.97
08:08:09 PM      0.00      0.00      0.00      0.00      0.00
08:08:12 PM      0.66      0.00      0.66      0.00      7.92
08:08:15 PM    256.77     64.19    192.58   2794.84  43202.58
08:08:18 PM    519.67    324.00    195.67   9810.67  34962.67
08:08:22 PM    571.43    315.14    256.29   6928.78  52416.20
08:08:24 PM    114.57    106.53      8.04   2420.10   1656.28
08:08:28 PM    751.94    505.37    246.57  11562.99  50791.64
08:08:31 PM    555.28    353.52    201.76   5445.07  45912.68
08:08:34 PM    312.67    158.00    154.67   3216.00  22128.00
08:08:37 PM    358.47    178.74    179.73   5562.79  34099.67
08:08:40 PM    420.33    297.67    122.67   7285.33  21384.00
08:08:43 PM   1504.98   1362.46    142.52  15986.71  26809.30
08:08:46 PM    246.27     99.07    147.20   4238.51  28780.12
08:08:49 PM   2415.89   2153.31    262.58  20815.89  41266.23
08:08:52 PM    525.33    506.67     18.67   4424.00   3597.33
08:08:55 PM    412.99    236.36    176.62   3328.83  35387.01
08:08:58 PM    277.11    276.71      0.40   4957.43      9.64
08:09:01 PM    125.33     88.00     37.33    928.00   8221.33
08:09:04 PM    199.00    166.56     32.44   1819.40   4296.99
08:09:07 PM    105.98     99.67      6.31    805.32    292.36
08:09:10 PM    116.61     92.03     24.58    935.55   3925.58
08:09:13 PM    102.68    102.68      0.00    821.40      0.00
08:09:16 PM    101.00    100.33      0.66    802.66      7.97
08:09:19 PM    120.33    120.33      0.00   1045.33      0.00
08:09:22 PM    127.57    121.26      6.31    972.76    393.36
08:09:25 PM    131.67    119.33     12.33    968.00   1032.00
08:09:28 PM    119.06    112.71      6.35    923.08    783.95
08:09:31 PM    113.00    102.00     11.00    888.00   1541.33
08:09:34 PM    164.00    154.67      9.33   2472.00   1061.33
08:09:37 PM    127.24    107.64     19.60   1095.02   3577.41
08:09:40 PM    314.11    204.39    109.72   5544.83  22881.50
08:09:43 PM    425.27    325.27    100.00   6693.24  20424.20
08:09:46 PM    844.19    716.61    127.57  12324.25  28132.89
08:09:49 PM    675.33    637.33     38.00   5856.00   8445.33
08:09:52 PM   1571.33   1412.00    159.33  16773.33  27256.00
08:09:55 PM    580.00    450.33    129.67   5914.67  20370.67
08:09:58 PM    904.32    841.86     62.46   9937.54  12369.44
08:10:01 PM    967.67    859.00    108.67  11229.33  23429.33
08:10:04 PM    489.68    404.84     84.84   8985.81  15300.65
08:10:07 PM    186.94    186.25      0.69   3026.80      8.25
08:10:10 PM    825.00    771.67     53.33  11184.00   8376.00
08:10:13 PM    789.70    684.72    104.98  11518.94  23274.42
08:10:16 PM   1244.67   1143.67    101.00  12525.33  20776.00
08:10:19 PM    245.67    203.33     42.33   1866.67  10458.67
08:10:22 PM   1829.67   1691.67    138.00  17538.67  26421.33
08:10:25 PM    492.05    401.32     90.73   9115.23  16556.29
08:10:28 PM    241.33    231.00     10.33   4050.67   1296.00
08:10:31 PM   1275.92   1173.58    102.34  15114.38  20366.56
08:10:34 PM    338.54    273.42     65.12   5227.91  11253.16
08:10:37 PM    255.81    151.50    104.32   3035.22  16962.13
08:10:40 PM    329.14    170.53    158.61   5406.62  31271.52
08:10:43 PM   1166.89   1034.11    132.78  11237.46  26175.25
08:10:46 PM    526.40    464.69     61.72   9000.66   8234.98
08:10:49 PM   1496.30   1394.61    101.68  15574.41  19644.44
08:10:52 PM    976.33    878.00     98.33  10501.33  20037.33
08:10:55 PM    808.31    774.75     33.55   9565.45   7011.30
08:10:58 PM   1198.34   1111.63     86.71  12449.17  16194.02
08:11:01 PM    184.59     87.54     97.05   2604.59  16149.51
08:11:04 PM    272.64    248.65     23.99   4856.76   4286.49
08:11:07 PM    150.50    149.83      0.66   2328.24      7.97
08:11:10 PM   1582.89   1426.64    156.25  17615.79  31034.21
08:11:13 PM    159.87    137.46     22.41   3149.16   4460.20
08:11:16 PM    373.91    306.02     67.89   5656.19  12992.64
08:11:19 PM    221.26    140.20     81.06   4680.40  13193.36
08:11:22 PM    488.34    376.38    111.96  10561.96  22044.17
08:11:26 PM    198.74    184.28     14.47   8000.00   2550.94
08:11:29 PM    408.36    316.39     91.97   9913.04  15751.17
08:11:32 PM    450.76    247.11    203.65  10419.45  41748.33
08:11:35 PM    147.95    111.30     36.64   5452.05   7315.07
08:11:38 PM    294.31    281.27     13.04   8034.78   2327.76
08:11:41 PM    438.46    307.02    131.44   9230.77  23280.27
08:11:44 PM    215.33    176.00     39.33   5992.00   7416.00
08:11:47 PM   1320.20   1169.87    150.33  21933.77  32985.43
08:11:50 PM    930.52    776.02    154.50  15169.48  35982.56
08:11:53 PM    427.23    382.55     44.68   8411.91  11295.32
08:11:56 PM    374.84    238.56    136.27  10363.40  25299.35
08:11:59 PM    175.84    127.85     47.99   6051.01   7567.79
08:12:02 PM    353.02    264.77     88.26  10783.89  19597.32
08:12:07 PM    414.51    317.06     97.45   9600.00  18549.02
08:12:10 PM    312.54    174.19    138.35   7521.15  23862.37
08:12:13 PM    277.33    242.67     34.67   8517.33   6053.33
08:12:16 PM    570.23    344.15    226.09  11360.54  48543.14
08:12:19 PM    402.27    148.22    254.05   8165.70  50837.54
08:12:22 PM    324.83    140.07    184.77   6884.77  36829.14
08:12:25 PM    485.33    203.67    281.67   9306.67  60261.33
08:12:28 PM    418.94    205.32    213.62   9701.00  40802.66
08:12:31 PM    420.74    309.03    111.71   9423.41  21934.45
08:12:34 PM    486.05    176.74    309.30   7378.07  64908.97
08:12:37 PM    390.16    180.33    209.84   7863.61  39375.74
08:12:40 PM   1198.33    921.00    277.33  18362.67  60808.00
08:12:43 PM    447.74    234.84    212.90   9065.81  43938.06
08:12:46 PM    967.81    689.38    278.42  11843.84  57860.27
08:12:49 PM    242.05    103.97    138.08   4850.33  28455.63
08:12:52 PM    311.04     68.23    242.81   2956.52  49859.53
08:12:55 PM    297.67    158.14    139.53   5857.81  26987.38
08:12:58 PM    419.93    262.46    157.48   8225.91  32438.54
08:13:01 PM   2216.27   2051.47    164.80  35332.27  36091.73
08:13:04 PM    349.65    188.03    161.62   7450.70  36025.35
08:13:08 PM    571.91    237.65    334.26   8234.57  74192.59
08:13:11 PM    193.02     67.11    125.91   3253.16  25065.78
08:13:14 PM    897.69    683.29    214.40  14924.42  43193.83
08:13:18 PM    362.62    139.56    223.05   6753.89  50619.31
08:13:20 PM   1152.76   1151.97      0.79  22503.94      9.45
08:13:24 PM   1996.45   1691.80    304.66  32886.92  69529.05
08:13:27 PM    407.69    406.88      0.81  14555.47      9.72
08:13:30 PM    725.75    644.15     81.61  19823.41  15978.60
08:13:33 PM    676.43    586.94     89.49  17964.33  13765.61
08:13:36 PM   1089.33   1088.00      1.33  25949.33     18.67
08:13:40 PM    435.89    348.22     87.67  11550.68  19502.47
08:13:43 PM    307.48    306.69      0.79   9729.13      6.30
08:13:46 PM    809.52    673.33    136.19  28586.67  26400.00
08:13:49 PM    485.80    210.41    275.39   6755.84  50609.46
08:13:52 PM    509.49    267.46    242.03   6757.97  49418.31
08:13:56 PM    398.03     48.65    349.39   2152.33  73890.91
08:13:58 PM    412.50    108.50    304.00   3052.00  55896.00
08:14:01 PM    290.03    123.59    166.45   4441.20  35130.90
08:14:04 PM   1481.29   1257.42    223.87  14823.23  43233.55
08:14:07 PM    186.15    113.18     72.97   3337.84  11294.59
08:14:10 PM   1527.51   1234.62    292.90  17626.04  62975.15
08:14:13 PM   2841.81   2652.51    189.30  24315.72  35890.30
08:14:16 PM    487.71    188.70    299.00   3104.32  51986.71
08:14:19 PM    279.73    107.97    171.76   4887.71  35303.65
08:14:22 PM    437.42     93.71    343.71   2770.86  75038.41
08:14:25 PM    322.26    112.96    209.30   3752.82  41626.58
08:14:28 PM    456.81    156.81    300.00   5217.28  56345.51
08:14:31 PM    242.52     26.58    215.95   1025.91  37382.06
08:14:34 PM   1455.48   1130.90    324.58  15657.14  65089.70
08:14:37 PM    615.21    383.50    231.72   8245.95  43953.40
08:14:40 PM    415.12    199.66    215.46   7560.14  45490.03
08:14:43 PM    600.87    193.06    407.80   4534.10  82709.83
08:14:46 PM   1823.36   1533.21    290.15  16776.64  61094.89
08:14:49 PM    743.52    533.22    210.30   7867.11  38992.69
08:14:53 PM    436.96     80.53    356.44   2938.61  69977.56
08:14:56 PM    411.67    164.00    247.67   4656.00  47485.33
08:14:59 PM    397.67    140.00    257.67   3517.33  50181.33
08:15:02 PM    354.82    250.17    104.65   7718.27  18429.24
08:15:05 PM    338.33    192.00    146.33   4744.00  29864.00
08:15:08 PM    386.41    122.33    264.08   4440.13  49299.68
08:15:11 PM    293.36     73.75    219.60   2123.59  48295.02
08:15:14 PM    340.74    222.75    117.99   6886.77  22433.86
08:15:17 PM    568.71    319.06    249.64   9035.97  40805.76
08:15:20 PM    401.58    267.19    134.38   6977.92  25403.15
08:15:23 PM   2299.33   2061.41    237.92  23753.02  51237.58
08:15:26 PM   1918.94   1758.80    160.13  15928.24  29996.01
08:15:29 PM   1358.14   1064.45    293.69  15524.25  61600.00
08:15:32 PM    221.40    119.06    102.34   2164.55  19654.85
08:15:35 PM   2028.24   1768.77    259.47  20794.68  54216.61
08:15:38 PM    668.67    533.00    135.67   5093.33  22813.33
08:15:41 PM   1718.09   1380.26    337.83  21984.21  66784.21
08:15:44 PM    221.97     93.63    128.34   3131.21  25910.83
08:15:47 PM    424.50    312.58    111.92   6286.09  22452.98
08:15:50 PM   2191.22   2038.18    153.04  19627.03  32662.16
08:15:54 PM    299.71    203.17     96.54   4772.33  16136.02
08:15:57 PM    466.99    255.02    211.97   8629.13  41377.35
08:16:00 PM    310.74    194.48    116.26   4471.17  23550.92
08:16:03 PM    300.73    211.64     89.09   5949.09  15080.73
08:16:06 PM    728.22    625.15    103.07  10260.12  21869.94
08:16:09 PM   2255.51   1954.78    300.74  21202.94  61885.29
08:16:12 PM    645.18    503.32    141.86   5060.47  30046.51
08:16:15 PM   1504.71   1251.52    253.19  13254.29  58021.05
08:16:18 PM    521.67    521.29      0.38   5840.30      9.13
08:16:24 PM    370.96     78.45    292.51   2426.28  65089.09
08:16:28 PM    227.83     36.96    190.87    636.52  44333.91
08:16:31 PM    119.59     21.28     98.31    172.97  23005.41
08:16:34 PM    236.18     18.09    218.09    144.71  48510.58
08:16:37 PM     86.20      7.07     79.12     56.57  18063.30
08:16:40 PM    169.93     70.95     98.99    567.57  21429.73
08:16:43 PM    133.56    133.22      0.34   1436.24      2.68
08:16:46 PM    155.59    154.92      0.68   2242.71     10.85
08:16:49 PM     92.00     92.00      0.00    736.00      0.00
08:16:52 PM     95.02     94.02      1.00    752.16     13.29
08:16:55 PM     91.00     91.00      0.00    728.00      0.00
08:16:58 PM     99.00     98.67      0.33    789.33     13.33
08:17:01 PM     84.33     84.00      0.33    672.00      0.00
08:17:04 PM     72.33     71.67      0.67    808.00     13.33
08:17:07 PM     79.33     79.00      0.33    744.00      0.00
08:17:10 PM     85.00     84.67      0.33    677.33     10.67
08:17:13 PM     72.67     72.33      0.33    661.33      0.00
08:17:16 PM     93.00     92.33      0.67    738.67      8.00
08:17:19 PM    114.00    113.00      1.00    904.00      8.00
08:17:22 PM     99.00     98.34      0.66    786.71     10.63
08:17:25 PM    102.33    102.00      0.33    816.00      0.00
08:17:28 PM    116.33    115.67      0.67    925.33      8.00
08:17:31 PM    125.33    125.33      0.00   1002.67      0.00
08:17:34 PM    104.35    103.68      0.67    829.43      8.03
08:17:37 PM     94.33     94.00      0.33    752.00      2.67
08:17:40 PM    100.66    100.33      0.33   1095.02      7.97
08:17:43 PM     73.91     73.58      0.33   1038.13      0.00
08:17:46 PM    118.00    117.33      0.67    938.67     10.67
08:17:49 PM     95.00     95.00      0.00    760.00      0.00
08:17:52 PM    127.67    126.67      1.00   1013.33     10.67
08:17:55 PM     83.67     83.67      0.00    669.33      0.00
08:17:58 PM     92.69     92.03      0.66    736.21      7.97
08:18:01 PM    132.11    132.11      0.00   1056.86      0.00
08:18:04 PM    139.53    138.87      0.66   1110.96      7.97
08:18:07 PM    105.65    105.65      0.00    845.18      0.00
08:18:10 PM     88.00     87.67      0.33    701.33      8.00
08:18:13 PM    102.67    102.00      0.67    824.00      2.67
Average:       431.14    332.89     98.25   5846.55  19648.43
