Linux 4.2.2 (vm1_27) 	06/08/2017 	_x86_64_	(1 CPU)

07:51:20 PM       tps      rtps      wtps   bread/s   bwrtn/s
07:51:23 PM     13.04     12.71      0.33    176.59      0.00
07:51:26 PM      0.66      0.00      0.66      0.00     21.26
07:51:29 PM      0.00      0.00      0.00      0.00      0.00
07:51:32 PM      0.67      0.00      0.67      0.00     10.67
07:51:35 PM      0.00      0.00      0.00      0.00      0.00
07:51:38 PM      0.67      0.00      0.67      0.00     10.67
07:51:41 PM      0.00      0.00      0.00      0.00      0.00
07:51:44 PM      0.67      0.00      0.67      0.00     10.67
07:51:47 PM      0.00      0.00      0.00      0.00      0.00
07:51:50 PM      0.66      0.00      0.66      0.00     10.60
07:51:53 PM      0.00      0.00      0.00      0.00      0.00
07:51:56 PM      3.33      0.33      3.00      2.67     37.33
07:51:59 PM      1.67      1.33      0.33    205.33      0.00
07:52:02 PM      1.00      0.33      0.66      2.66     13.29
07:52:05 PM      0.00      0.00      0.00      0.00      0.00
07:52:08 PM      0.67      0.00      0.67      0.00     10.70
07:52:11 PM      0.00      0.00      0.00      0.00      0.00
07:52:14 PM      0.33      0.00      0.33      0.00      8.00
07:52:17 PM      0.33      0.00      0.33      0.00      2.67
07:52:20 PM      0.67      0.00      0.67      0.00     13.33
07:52:23 PM      0.00      0.00      0.00      0.00      0.00
07:52:26 PM      0.67      0.00      0.67      0.00     10.67
07:52:29 PM      0.67      0.00      0.67      0.00      5.33
07:52:32 PM      1.33      0.00      1.33      0.00     18.67
07:52:35 PM      0.33      0.00      0.33      0.00      0.00
07:52:38 PM      0.67      0.00      0.67      0.00     10.70
07:52:41 PM      0.00      0.00      0.00      0.00      0.00
07:52:44 PM      0.67      0.00      0.67      0.00     10.70
07:52:47 PM      0.00      0.00      0.00      0.00      0.00
07:52:50 PM      0.66      0.00      0.66      0.00     10.63
07:52:53 PM      0.00      0.00      0.00      0.00      0.00
07:52:56 PM      0.67      0.00      0.67      0.00     10.70
07:52:59 PM      0.33      0.00      0.33      0.00      2.66
07:53:02 PM      1.00      0.00      1.00      0.00     13.38
07:53:05 PM      0.00      0.00      0.00      0.00      0.00
07:53:08 PM      0.67      0.00      0.67      0.00     10.67
07:53:11 PM      0.00      0.00      0.00      0.00      0.00
07:53:14 PM      0.66      0.00      0.66      0.00     10.63
07:53:17 PM      9.67      9.67      0.00   1992.00      0.00
07:53:20 PM      5.00      4.33      0.67    741.33     13.33
07:53:23 PM      0.00      0.00      0.00      0.00      0.00
07:53:26 PM      0.33      0.00      0.33      0.00      8.00
07:53:29 PM      0.33      0.00      0.33      0.00      2.67
07:53:32 PM      1.00      0.00      1.00      0.00     13.29
07:53:35 PM      0.00      0.00      0.00      0.00      0.00
07:53:38 PM      1.00      0.00      1.00      0.00     13.29
07:53:41 PM      0.00      0.00      0.00      0.00      0.00
07:53:44 PM      1.00      0.00      1.00      0.00     13.33
07:53:47 PM      0.00      0.00      0.00      0.00      0.00
07:53:50 PM      0.67      0.00      0.67      0.00     10.67
07:53:53 PM      0.00      0.00      0.00      0.00      0.00
07:53:56 PM      0.66      0.00      0.66      0.00     10.63
07:53:59 PM      0.00      0.00      0.00      0.00      0.00
07:54:02 PM      0.67      0.00      0.67      0.00     10.70
07:54:06 PM    255.71     76.19    179.52   2320.00  35377.14
07:54:09 PM    163.75    159.36      4.38   3623.90    165.74
07:54:12 PM    573.33    115.00    458.33   5965.33  81880.00
07:54:15 PM    247.69    150.51     97.18   3556.92  17837.95
07:54:18 PM    603.78    436.43    167.35   9237.11  31953.26
07:54:21 PM   2520.93   2304.65    216.28  24220.60  46291.03
07:54:24 PM    491.33    320.33    171.00   9184.00  32229.33
07:54:28 PM    354.64    181.42    173.22   5921.31  38437.16
07:54:32 PM    394.84    276.09    118.75  12167.39  22615.22
07:54:35 PM   1533.76   1437.30     96.46  18685.53  15143.41
07:54:38 PM    478.48    338.74    139.74  11009.27  26696.69
07:54:41 PM   1547.65   1319.80    227.85  14542.28  46182.55
07:54:44 PM    414.63    186.28    228.35   4997.56  42848.78
07:54:48 PM    251.40     94.66    156.74   2325.84  30957.30
07:54:51 PM    382.10    131.48    250.62   3029.63  50911.11
07:54:54 PM    399.65    157.99    241.67   4591.67  50463.89
07:54:57 PM    828.71    605.61    223.10  14286.47  47263.37
07:55:00 PM   1466.89   1362.54    104.35  17961.20  21947.83
07:55:03 PM    638.82    309.32    329.50  12159.01  78904.35
07:55:06 PM    562.11    555.79      6.32  11592.98   1209.82
07:55:09 PM    513.67    367.33    146.33  12896.00  32794.67
07:55:12 PM    450.66    301.64    149.01   8523.68  29573.68
07:55:15 PM    242.42    242.42      0.00   6618.18      0.00
07:55:18 PM    471.33    323.00    148.33  11165.33  28738.67
07:55:21 PM   1715.58   1502.92    212.66  26696.10  45625.97
07:55:24 PM    422.16    338.19     83.97  11993.00  16340.52
07:55:27 PM    413.65    345.08     68.57  10961.27  12954.92
07:55:30 PM    461.82    323.99    137.84  10556.76  30181.08
07:55:33 PM   1331.56   1148.17    183.39  16813.29  33525.58
07:55:37 PM    430.57    344.59     85.99  12914.65  15485.35
07:55:40 PM    353.58    296.93     56.66   9124.91  10866.89
07:55:43 PM    311.48    233.33     78.14  10111.48  14279.78
07:55:46 PM    798.66    626.76    171.91  15427.42  34038.80
07:55:49 PM   1445.85   1370.43     75.42  18049.17  16015.95
07:55:52 PM    467.22    315.72    151.51  10672.91  26702.34
07:55:55 PM    471.76    405.98     65.78  10009.30  12685.71
07:55:58 PM   1493.65   1355.18    138.46  27162.54  31491.64
07:56:01 PM    408.64    272.76    135.88  10128.90  25958.80
07:56:04 PM   1222.67   1061.67    161.00  17920.00  32589.33
07:56:07 PM    746.33    636.67    109.67  13317.33  22813.33
07:56:10 PM    296.00    239.67     56.33   8837.33  10744.00
07:56:13 PM    365.56    259.27    106.29  10731.13  21464.90
07:56:16 PM    356.78    217.98    138.80   9446.06  25322.40
07:56:19 PM    286.62    233.80     52.82   9909.86   9090.14
07:56:23 PM    379.44    243.89    135.56  10864.44  28013.33
07:56:26 PM    877.12    793.42     83.70  18768.65  15220.06
07:56:29 PM    353.02    249.33    103.69   9068.46  20539.60
07:56:32 PM   2139.57   1977.51    162.06  28205.96  36323.04
07:56:35 PM    601.50    412.03    189.47  11212.03  34150.38
07:56:38 PM    403.93    359.64     44.29  12222.86   9331.43
07:56:41 PM    383.39    237.29    146.10   8618.31  23004.75
07:56:44 PM   1172.76    930.56    242.19  26139.53  45084.39
07:56:47 PM    369.71    298.37     71.34  11504.89  13641.69
07:56:51 PM    420.95    314.53    106.42  12353.07  18739.66
07:56:54 PM   1164.76    990.16    174.60  18631.11  39405.71
07:56:57 PM    500.00    350.92    149.08  13204.43  30364.58
07:57:00 PM    407.00    152.00    255.00   6245.33  51112.00
07:57:03 PM    366.78    173.42    193.36   8656.48  40095.68
07:57:06 PM    360.00    231.33    128.67   8685.33  28013.33
07:57:09 PM    343.75    253.95     89.80  10489.47  18850.00
07:57:12 PM    370.61    267.23    103.38   8951.35  18535.14
07:57:15 PM    608.64    326.25    282.39   9188.04  57429.90
07:57:18 PM    413.30    106.93    306.37   3700.83  68689.20
07:57:21 PM    291.30    181.03    110.28   3797.63  22090.12
07:57:24 PM    529.43    337.79    191.64   8642.14  39181.27
07:57:27 PM    372.33    191.00    181.33   6682.67  36392.00
07:57:30 PM   1125.42    838.13    287.29  14474.92  53937.12
07:57:33 PM    710.96    461.79    249.17  13833.89  45172.09
07:57:36 PM    353.33    151.00    202.33   5968.00  40552.00
07:57:39 PM   1111.26    796.36    314.90  18609.27  68193.38
07:57:42 PM    444.67    332.00    112.67  10040.00  19522.67
07:57:45 PM    456.15    270.10    186.05   7922.92  36361.46
07:57:48 PM    499.00    406.00     93.00   8434.67  17653.33
07:57:51 PM    407.28    347.78     59.49   9777.22  10308.86
07:57:54 PM    477.30    375.33    101.97  12189.47  16881.58
07:57:57 PM    345.93    257.98     87.95   8226.71  15958.31
07:58:01 PM    580.67    402.15    178.52   8534.61  37326.97
07:58:04 PM   2303.91   2207.81     96.09  18631.25  20734.38
07:58:07 PM    552.40    351.50    200.90   6476.65  43461.08
07:58:10 PM    768.40    692.21     76.19   8155.84  15179.22
07:58:13 PM    162.11    161.49      0.62   2315.53     19.88
07:58:16 PM     96.63     96.30      0.34    996.63      0.00
07:58:19 PM   1385.71   1217.71    168.00  12816.00  35869.71
07:58:22 PM    437.21    437.21      0.00   9051.16      0.00
07:58:26 PM   1274.61   1090.60    184.01  16887.77  31867.08
07:58:29 PM    487.20    391.79     95.41  14591.30  19497.58
07:58:32 PM   1991.16   1965.86     25.30  31563.05   5885.94
07:58:36 PM    487.64    336.78    150.86  12195.40  29910.34
07:58:39 PM    388.93    283.74    105.19  10322.49  22651.90
07:58:42 PM    414.43    260.98    153.44   9859.67  28834.10
07:58:45 PM    984.90    810.74    174.16  19583.89  39264.43
07:58:48 PM   1519.87   1435.43     84.44  13766.89  14858.28
07:58:51 PM   1237.35    961.47    275.88  14051.76  63491.76
07:58:54 PM    302.54    197.46    105.08   6077.46  18295.87
07:58:57 PM    479.12    190.57    288.55   4220.88  51358.92
07:59:00 PM    257.45     69.60    187.84   3029.79  39343.47
07:59:04 PM    435.22    207.46    227.76   7078.21  47582.09
07:59:07 PM   1136.88   1013.29    123.59  14559.47  23635.88
07:59:10 PM    428.67    226.33    202.33   5114.67  37050.67
07:59:13 PM    432.26    127.42    304.84   4640.00  65716.13
07:59:16 PM    356.43    109.72    246.71   3826.96  52293.42
07:59:19 PM    796.89    559.52    237.37  11809.00  50483.04
07:59:22 PM    362.00    271.33     90.67   8394.67  16448.00
07:59:25 PM    310.96    137.08    173.88   6937.08  31498.88
07:59:28 PM    351.84    291.64     60.20  10124.41   9281.61
07:59:31 PM    405.51    181.16    224.35   8394.20  46958.84
07:59:34 PM    882.17    656.59    225.58  13041.86  45913.18
07:59:38 PM    291.45    155.84    135.61   6288.32  23724.22
07:59:41 PM    450.33    326.00    124.33   8773.33  22456.00
07:59:44 PM    273.43    168.29    105.14   6566.86  17657.14
07:59:47 PM   1741.28   1504.70    236.58  17771.81  55626.85
07:59:50 PM    914.24    777.35    136.89  15231.07  24044.01
07:59:54 PM    346.97    101.21    245.76   3464.24  50339.39
07:59:57 PM    118.33     71.33     47.00   4200.00   8573.33
08:00:00 PM   1380.67   1098.67    282.00  17722.67  62077.33
08:00:03 PM   1886.50   1739.23    147.27  21486.82  29754.34
08:00:06 PM    707.72    600.89    106.82   7874.18  24282.49
08:00:09 PM    226.37    143.41     82.96   5036.66  14276.53
08:00:12 PM    798.33    701.33     97.00  12221.33  18733.33
08:00:16 PM    781.30    676.20    105.10  13346.18  20883.85
08:00:19 PM    768.26    569.97    198.29  12562.46  41649.15
08:00:23 PM   1044.28    934.79    109.49  14690.02  22150.85
08:00:26 PM   1028.21    946.39     81.82  11887.15  15621.32
08:00:29 PM    585.08    263.05    322.03   8661.69  66267.12
08:00:32 PM    230.56    123.92    106.64   4792.03  22617.94
08:00:35 PM    354.33    161.33    193.00   7149.33  36370.67
08:00:38 PM    544.00    260.67    283.33   6901.33  61824.00
08:00:41 PM   1490.40   1209.93    280.46  15321.85  59721.85
08:00:44 PM    435.76     47.38    388.37   1727.91  77483.72
08:00:47 PM    409.16     75.19    333.97   2586.26  69337.40
08:00:50 PM    241.61    146.58     95.03   5910.56  17860.87
08:00:54 PM    541.29    380.90    160.39   9761.80  33035.96
08:00:57 PM   2594.10   2322.88    271.22  24481.18  54090.04
08:01:00 PM    347.51     91.03    256.48   1905.65  51221.26
08:01:03 PM    640.30    379.39    260.91   7515.15  51670.30
08:01:06 PM   4265.09   4142.55    122.55  35944.73  28500.36
08:01:09 PM    259.09    187.99     71.10   5223.38  11735.06
08:01:12 PM    476.95    301.95    175.00   9415.58  31155.84
08:01:15 PM   1620.41   1584.26     36.15  18437.32   5660.64
08:01:18 PM    455.19    331.11    124.07   9001.48  22213.33
08:01:21 PM   1778.00   1527.00    251.00  15944.00  52424.00
08:01:24 PM    506.23    399.38    106.85   5268.54  19304.67
08:01:27 PM   1184.42   1051.62    132.79  14122.08  26818.18
08:01:30 PM    392.12    222.26    169.86   6227.40  33767.12
08:01:33 PM    577.10    171.29    405.81   5909.68  84165.16
08:01:36 PM    342.28    108.72    233.56   2201.34  45189.26
08:01:39 PM    168.44    140.53     27.91   5538.87   4015.95
08:01:42 PM   1797.33   1548.00    249.33  16781.33  59786.67
08:01:45 PM    841.74    593.39    248.35   8475.68  53912.31
08:01:48 PM   1702.82   1632.49     70.34  16051.98  13667.80
08:01:51 PM    410.71    252.23    158.48   8232.14  30103.57
08:01:54 PM    607.57    437.54    170.03   7364.04  36083.28
08:01:58 PM   1311.69   1123.70    187.99  13005.19  37670.13
08:02:01 PM   1296.67   1118.33    178.33  10952.00  39026.67
08:02:04 PM    468.61    129.13    339.48   5196.12  68196.76
08:02:07 PM    325.50    186.75    138.74   3570.86  28593.38
08:02:10 PM    457.51    165.28    292.23   7011.40  61933.68
08:02:13 PM    274.90    106.07    168.83   3206.48  36323.89
08:02:17 PM    501.89    384.05    117.84   6265.95  26938.38
08:02:20 PM    931.72    597.41    334.30   8183.82  67697.09
08:02:23 PM    875.61    634.76    240.85   8587.80  46904.88
08:02:26 PM    598.99    319.26    279.73   7886.49  57102.70
08:02:29 PM    943.85    765.45    178.41   9416.61  38591.36
08:02:32 PM    665.78    352.82    312.96  11152.16  62671.10
08:02:35 PM    410.00    210.00    200.00   8349.33  39141.33
08:02:38 PM    575.00    393.33    181.67  14258.67  33864.00
08:02:41 PM    475.24    251.75    223.49   8116.83  44091.43
08:02:44 PM    402.13    169.95    232.18   9619.15  48672.34
08:02:47 PM    432.53    251.81    180.72   7071.49  32854.62
08:02:51 PM    321.67    192.69    128.98   7621.93  25084.07
08:02:54 PM    995.15    719.40    275.75  14059.70  54250.75
08:02:57 PM    378.66     73.89    304.78   3447.13  63080.25
08:03:01 PM    285.25    168.48    116.77   7188.69  21792.32
08:03:05 PM    304.26    219.67     84.59   5408.52  15331.15
08:03:08 PM   1028.91    960.54     68.37  11074.83  13997.28
08:03:11 PM   1099.34    869.10    230.23  17844.52  47912.29
08:03:14 PM   1309.00   1082.67    226.33  14245.33  46781.33
08:03:17 PM    532.35    331.36    200.99  10078.02  42585.68
08:03:20 PM    984.26    925.89     58.38  12730.96   8365.48
08:03:23 PM    341.96    255.65     86.31   8219.05  16628.57
08:03:26 PM    417.54    278.25    139.30   7000.70  21998.60
08:03:30 PM    286.64    179.26    107.37   6305.99  24095.85
08:03:33 PM    334.88    334.88      0.00   9343.26      0.00
08:03:36 PM    310.84    168.67    142.17   7645.78  33110.84
08:03:39 PM    317.09    238.92     78.16   8602.53  16392.41
08:03:42 PM   1183.05   1106.78     76.27  20713.22  16119.32
08:03:45 PM   1030.90    871.43    159.47  15091.03  35609.30
08:03:48 PM    533.77    465.89     67.88  12659.60  13353.64
08:03:51 PM    440.73    291.39    149.34  10042.38  27684.77
08:03:55 PM    225.63    117.26    108.38   6221.32  22990.86
08:03:58 PM    203.05    202.37      0.68   6804.07     10.85
08:04:01 PM   1440.96   1293.67    147.29  18214.46  32874.70
08:04:05 PM    360.44    288.19     72.25   5806.59  16305.49
08:04:08 PM    467.45    406.04     61.41  14373.15  13455.03
08:04:11 PM   1535.02   1348.58    186.44  22591.80  38980.44
08:04:14 PM    974.83    852.10    122.73  15292.31  25972.03
Average:       548.43    421.76    126.67   8377.80  25541.53
