Linux 4.2.2 (vm1_27) 	06/08/2017 	_x86_64_	(1 CPU)

07:22:15 PM       tps      rtps      wtps   bread/s   bwrtn/s
07:22:18 PM     13.76     13.42      0.34    193.29      2.68
07:22:21 PM      0.66      0.00      0.66      0.00     21.26
07:22:24 PM      0.00      0.00      0.00      0.00      0.00
07:22:27 PM      0.33      0.00      0.33      0.00      5.33
07:22:30 PM      0.33      0.00      0.33      0.00      2.66
07:22:33 PM      0.33      0.00      0.33      0.00      5.32
07:22:36 PM      0.33      0.00      0.33      0.00      2.68
07:22:39 PM      0.33      0.00      0.33      0.00      7.97
07:22:42 PM      0.33      0.00      0.33      0.00      2.67
07:22:45 PM      0.33      0.00      0.33      0.00      5.33
07:22:48 PM      1.33      0.33      1.00      2.67      8.00
07:22:51 PM      0.33      0.00      0.33      0.00     10.60
07:22:54 PM      2.34      0.00      2.34      0.00     18.73
07:22:57 PM      0.33      0.00      0.33      0.00     10.67
07:23:00 PM      0.33      0.00      0.33      0.00      2.67
07:23:03 PM      0.33      0.00      0.33      0.00      5.32
07:23:06 PM      0.33      0.00      0.33      0.00      2.67
07:23:09 PM      0.33      0.00      0.33      0.00      5.33
07:23:12 PM      0.33      0.00      0.33      0.00      2.67
07:23:15 PM      0.33      0.00      0.33      0.00      5.33
07:23:18 PM      0.33      0.00      0.33      0.00      2.67
07:23:21 PM      0.33      0.00      0.33      0.00      5.33
07:23:24 PM      0.66      0.00      0.66      0.00      5.30
07:23:27 PM      0.33      0.00      0.33      0.00      5.35
07:23:30 PM      0.67      0.00      0.67      0.00      5.33
07:23:33 PM      1.00      0.00      1.00      0.00     10.67
07:23:36 PM      0.33      0.00      0.33      0.00      2.67
07:23:39 PM      0.33      0.00      0.33      0.00      7.97
07:23:42 PM      0.33      0.00      0.33      0.00      2.67
07:23:45 PM      0.33      0.00      0.33      0.00      5.33
07:23:48 PM      0.33      0.00      0.33      0.00      2.67
07:23:51 PM      0.33      0.00      0.33      0.00      5.32
07:23:54 PM      0.33      0.00      0.33      0.00      2.67
07:23:57 PM      0.33      0.00      0.33      0.00      5.35
07:24:00 PM      0.66      0.00      0.66      0.00      5.32
07:24:03 PM      1.00      0.00      1.00      0.00     10.67
07:24:06 PM      0.00      0.00      0.00      0.00      0.00
07:24:09 PM      0.33      0.00      0.33      0.00      5.33
07:24:12 PM      0.33      0.00      0.33      0.00      2.68
07:24:15 PM      0.66      0.00      0.66      0.00      7.95
07:24:18 PM      0.33      0.00      0.33      0.00      2.67
07:24:21 PM      0.33      0.00      0.33      0.00      5.33
07:24:24 PM      0.33      0.00      0.33      0.00      2.67
07:24:27 PM      0.33      0.00      0.33      0.00      5.33
07:24:30 PM      0.33      0.00      0.33      0.00      2.67
07:24:33 PM      1.00      0.00      1.00      0.00     10.67
07:24:36 PM      0.00      0.00      0.00      0.00      0.00
07:24:39 PM      0.66      0.00      0.66      0.00     10.63
07:24:42 PM      0.33      0.00      0.33      0.00      2.67
07:24:45 PM      0.33      0.00      0.33      0.00      5.35
07:24:48 PM      0.33      0.00      0.33      0.00      2.66
07:24:51 PM      0.33      0.00      0.33      0.00      5.33
07:24:54 PM      0.33      0.00      0.33      0.00      2.67
07:24:57 PM      0.33      0.00      0.33      0.00      5.33
07:25:00 PM    248.85     98.98    149.87   3808.65  28156.74
07:25:03 PM    228.99    181.52     47.46   4402.90   5246.38
07:25:06 PM    698.57    459.50    239.07  10379.93  50896.06
07:25:10 PM    397.41    188.79    208.62   5503.45  46841.38
07:25:12 PM    257.25     81.68    175.57   1954.20  36977.10
07:25:15 PM    526.58    409.63    116.94   8927.57  25182.72
07:25:18 PM    781.52    588.78    192.74   7923.43  38062.05
07:25:21 PM    452.30    289.80    162.50   8505.26  29768.42
07:25:24 PM    482.33    212.33    270.00   4525.33  56178.67
07:25:27 PM    300.66    135.22    165.45   3513.62  36696.35
07:25:30 PM    663.21    448.83    214.38  12422.74  44591.30
07:25:33 PM   1276.41   1214.62     61.79  12582.06  11308.97
07:25:36 PM    954.72    795.44    159.28  15014.98  32635.83
07:25:39 PM   1413.00   1276.33    136.67  17869.33  31224.00
07:25:42 PM    922.19    778.48    143.71  11729.80  26196.03
07:25:45 PM    272.76    176.41     96.35   3976.08  14405.32
07:25:48 PM   1552.82   1258.47    294.35  16287.04  61924.25
07:25:51 PM   1521.19   1339.07    182.12  12241.06  37231.79
07:25:54 PM    276.00    240.67     35.33   4466.67   8962.67
07:25:57 PM    300.00     76.25    223.75   4120.40  46622.07
07:26:01 PM    272.78    192.66     80.12   4623.85  15111.93
07:26:04 PM   2166.56   2004.01    162.54  20008.03  37102.34
07:26:07 PM    423.92    249.46    174.46   8245.16  36984.95
07:26:10 PM   1980.77   1857.69    123.08  20618.80  24215.38
07:26:13 PM   2295.33   2099.33    196.00  18554.67  40008.00
07:26:16 PM    360.47    291.03     69.44   4874.42  11816.61
07:26:19 PM    951.03    783.28    167.74  11821.70  33025.22
07:26:22 PM   1009.87    890.79    119.08  13613.16  21228.95
07:26:25 PM    385.36    167.86    217.50   5917.14  41417.14
07:26:28 PM    334.63     66.99    267.64   2656.31  57706.15
07:26:31 PM    376.08    112.96    263.12   6043.85  54562.13
07:26:34 PM    217.63    152.89     64.74   3320.00  11347.37
07:26:37 PM   2847.35   2620.35    226.99  26683.19  52010.62
07:26:40 PM    545.75    403.23    142.52   7950.73  26970.09
07:26:43 PM   1002.13    787.23    214.89   8451.06  44961.70
07:26:46 PM    380.07    172.43    207.64   5419.27  37113.62
07:26:50 PM    289.62     76.78    212.84   3018.58  43390.16
07:26:53 PM    286.72    211.44     75.28   5803.69  12038.38
07:26:56 PM   1497.00   1262.67    234.33  13141.33  44186.67
07:26:59 PM    518.57    358.31    160.26   9818.89  32122.48
07:27:02 PM   1161.79   1042.19    119.60  17528.24  22644.52
07:27:05 PM   1123.26    977.74    145.51  11803.32  26644.52
07:27:08 PM    857.50    752.81    104.69  13292.50  22197.50
07:27:11 PM    484.23    456.27     27.96   7449.46   5436.56
07:27:14 PM   1083.39    843.26    240.13  11463.32  50018.81
07:27:17 PM   1174.70   1115.18     59.52  12540.48  11002.38
07:27:20 PM   1038.85    962.84     76.01  13735.14  13635.14
07:27:23 PM    437.30    182.45    254.86   6264.58  51042.01
07:27:26 PM    261.33    185.67     75.67   4085.33  13693.33
07:27:29 PM    772.33    563.67    208.67   8466.67  49418.67
07:27:32 PM    246.82    243.81      3.01   5078.26     29.43
07:27:35 PM   1846.98   1661.07    185.91  21661.74  38021.48
07:27:39 PM    251.69    170.15     81.54   4903.38  15121.23
07:27:41 PM    334.86    270.07     64.79   8005.63  13847.89
07:27:44 PM    289.67    273.67     16.00   9746.67   2629.33
07:27:48 PM    304.14    190.24    113.91   9545.56  22175.15
07:27:51 PM    590.60    475.84    114.77  15245.64  21581.21
07:27:54 PM    302.26    167.67    134.59   6377.94  25666.17
07:27:57 PM   1081.68    991.58     90.10  18376.24  18237.62
07:28:00 PM   1488.00   1320.00    168.00  23221.33  35162.67
07:28:03 PM    469.54    371.85     97.68  13446.36  20119.21
07:28:06 PM   1338.54   1172.76    165.78  25857.81  35957.48
07:28:10 PM    408.02    301.60    106.42   8613.90  19174.33
07:28:13 PM    769.21    643.99    125.22  14737.83  27279.77
07:28:16 PM    645.79    556.23     89.56  12043.10  16646.46
07:28:19 PM   1640.00   1519.63    120.37  23312.59  27958.52
07:28:22 PM    311.00    202.00    109.00   7677.33  21213.33
07:28:25 PM    242.95    166.99     75.96   6648.72  17366.67
07:28:28 PM    302.41    260.82     41.58   8203.44   7524.40
07:28:31 PM   1638.59   1507.38    131.21  21146.31  30008.05
07:28:34 PM    399.33    318.33     81.00  10672.00  16218.67
07:28:37 PM    476.31    366.77    109.54   9346.46  19945.85
07:28:40 PM   1527.76   1374.58    153.18  20379.93  29487.63
07:28:43 PM    725.33    619.67    105.67  15626.67  21064.00
07:28:46 PM    389.37    294.68     94.68   9201.33  18110.30
07:28:49 PM    291.78    103.62    188.16   4523.68  40239.47
07:28:52 PM    409.84    255.74    154.10  10061.64  31360.00
07:28:55 PM    937.17    860.20     76.97  23068.42  13865.79
07:28:59 PM   1484.67   1288.67    196.00  18576.00  41914.67
07:29:02 PM   1432.78   1303.34    129.43  20725.08  27788.63
07:29:05 PM   1024.17    911.92    112.25  16021.19  23234.44
07:29:08 PM    170.57    155.52     15.05   6223.41   2378.60
07:29:11 PM    671.56    473.43    198.14   7198.14  40182.75
07:29:14 PM    113.33    113.33      0.00   3928.89      0.00
07:29:18 PM    142.37     67.51     74.86   2271.19  13066.67
07:29:20 PM    236.95    206.02     30.92   7183.94   5529.32
07:29:24 PM    478.54    278.08    200.46   8546.12  45643.84
07:29:26 PM   1491.71   1488.60      3.11  24663.21    679.79
07:29:29 PM    266.57    192.92     73.65   7301.98  13740.51
07:29:33 PM    687.84    540.39    147.45  14481.57  25141.96
07:29:36 PM    883.06    637.78    245.28  11920.00  55711.11
07:29:39 PM    194.91    152.36     42.55   5358.55   8311.27
07:29:42 PM    194.31    185.41      8.90   6132.38   1662.63
07:29:45 PM    320.34    194.24    126.10   6985.76  25627.12
07:29:48 PM    661.54    547.16    114.38  11411.37  22525.75
07:29:51 PM   1077.08    980.07     97.01  11394.02  20101.00
07:29:54 PM   1254.47   1087.90    166.57  21072.05  31386.74
07:29:57 PM    555.91    540.50     15.41   9961.29   3045.16
07:30:00 PM    273.00    151.00    122.00   6525.33  24168.00
07:30:04 PM    598.74    504.77     93.97  10884.42  21909.55
07:30:07 PM    325.71    292.09     33.62   6314.12   5997.74
07:30:10 PM   1255.96   1173.18     82.78  14103.31  17705.96
07:30:15 PM    282.98    166.81    116.18   5751.26  22961.34
07:30:19 PM    211.98    165.74     46.24   5827.30   8989.42
07:30:21 PM    355.12    325.20     29.92   8204.72   5023.62
07:30:24 PM    189.51     97.05     92.46   5589.51  18541.64
07:30:27 PM    230.20    222.48      7.72   5739.60   1404.03
07:30:30 PM    130.56    130.56      0.00   4443.85      0.00
07:30:33 PM     71.24     70.57      0.67   3242.81     10.70
07:30:36 PM    178.67    174.00      4.67   7029.33     40.00
07:30:40 PM    218.10    177.30     40.80   7261.35   7239.26
07:30:43 PM    258.80    186.38     72.43   7000.66  13023.26
07:30:46 PM     99.09     61.82     37.27   1517.58   6150.30
07:30:49 PM    252.59    142.96    109.63   4622.22  21514.07
07:30:52 PM    534.64    386.93    147.71   9498.04  26444.44
07:30:55 PM    174.78    128.19     46.59   4059.35   7945.40
07:30:58 PM    422.46    338.77     83.69   7963.08  14461.54
07:31:01 PM   1317.00   1232.00     85.00  16221.33  19090.67
07:31:04 PM    236.21    194.35     41.86   5073.75   4930.23
07:31:07 PM    356.74    268.65     88.09   9757.99  17113.48
07:31:10 PM    760.54    708.70     51.84  15224.08   9468.90
07:31:13 PM    296.33    200.33     96.00   5936.00  20682.67
07:31:16 PM    267.33    230.33     37.00   8200.00   5669.33
07:31:19 PM    251.00    154.00     97.00   6189.33  19274.67
07:31:22 PM   1153.33   1052.33    101.00  17976.00  19362.67
07:31:26 PM    414.57    300.00    114.57   8211.92  19682.12
07:31:29 PM   1927.33   1824.33    103.00  23341.33  20554.67
07:31:32 PM    220.74    167.56     53.18   5305.69  10260.87
07:31:35 PM    238.84    174.66     64.19   8575.21  10895.87
07:31:38 PM    283.52    177.29    106.23   8252.01  20694.51
07:31:41 PM    578.55    498.35     80.20  11165.68  14708.91
07:31:44 PM    288.33    170.00    118.33   7904.00  23864.00
07:31:47 PM    325.73    267.10     58.63   8711.40   9685.99
07:31:50 PM    317.94    198.67    119.27   6546.18  26386.71
07:31:53 PM    294.59    186.19    108.41   7649.25  19502.70
07:31:56 PM   1975.42   1850.51    124.92  33233.67  27964.98
07:31:59 PM    247.68    207.28     40.40   8058.28   7552.32
07:32:02 PM    251.67    189.67     62.00   8221.33  11520.00
07:32:05 PM    236.39    132.13    104.26   6205.90  21537.05
07:32:08 PM    398.00    334.00     64.00   8470.00  12342.00
07:32:11 PM    236.00    233.50      2.50   7536.00    396.00
07:32:14 PM    981.41    840.71    140.71  14423.08  27187.18
07:32:17 PM   1275.26   1139.86    135.40  22949.83  28153.95
07:32:21 PM    722.47    516.29    206.18   9712.36  45202.25
07:32:24 PM   1797.52   1667.38    130.14  17529.08  23568.79
07:32:27 PM    302.65    204.71     97.94   7070.59  18087.06
07:32:30 PM   1291.30   1043.48    247.83  15095.65  50576.59
07:32:33 PM   1792.26   1655.06    137.20  16176.19  25728.57
07:32:36 PM    433.45    291.81    141.64   7404.78  24993.86
07:32:39 PM   3331.56   3004.32    327.24  29940.20  69703.65
07:32:42 PM   2186.71   2079.40    107.31  16991.36  15192.03
07:32:46 PM   1550.00   1323.73    226.27  16786.44  49098.31
07:32:49 PM    871.97    852.27     19.70   8693.94   4318.18
07:32:52 PM   1282.35   1025.82    256.54  16449.67  57087.58
07:32:55 PM   1145.33   1088.00     57.33  12464.00  10114.67
07:32:58 PM    939.94    797.12    142.81  12800.00  25653.67
07:33:01 PM    385.67    166.33    219.33   4405.33  41517.33
07:33:04 PM    507.31    262.79    244.52   5408.64  46780.07
07:33:07 PM    271.33     93.00    178.33   3232.00  29842.67
07:33:10 PM    648.01    430.13    217.88  13411.92  50471.52
07:33:13 PM    337.37    275.76     61.62   6577.78  14752.86
07:33:17 PM    480.69    285.52    195.17   9585.29  42228.97
07:33:20 PM    353.92    231.03    122.88   5740.44  23240.13
07:33:24 PM    388.53    186.03    202.49   4632.42  40426.93
07:33:27 PM    456.19    232.70    223.49   7784.13  46245.08
07:33:30 PM    303.82    227.07     76.75   5059.87  10440.76
07:33:33 PM    573.26    356.41    216.85  11522.34  46947.99
07:33:36 PM    331.00    171.00    160.00   5650.67  31869.33
07:33:39 PM    592.60    416.40    176.21   6513.18  35210.29
07:33:42 PM   2096.99   2001.34     95.65  21506.35  20527.09
07:33:46 PM   1340.13   1179.39    160.74  13563.56  34542.30
07:33:50 PM    789.52    373.09    416.43   6023.80  80473.65
07:33:52 PM    301.92     46.15    255.77   1600.00  59241.03
07:33:55 PM    268.46     76.17    192.28    692.62  44166.44
07:33:58 PM    171.97     51.73    120.23    672.83  26166.47
07:34:01 PM    277.51    136.14    141.37   1728.51  32832.13
07:34:04 PM    285.91    285.23      0.67   3441.61     10.74
07:34:07 PM    146.96    146.62      0.34   1613.51      5.41
07:34:10 PM    117.45    117.11      0.34   1312.75      2.68
07:34:13 PM    286.49    286.15      0.34   3789.19      5.41
07:34:16 PM    293.29    236.91     56.38   3310.07  14075.17
07:34:19 PM    194.33    194.00      0.33   2341.33      5.33
07:34:22 PM    148.33    148.00      0.33   1509.33      2.67
07:34:25 PM    274.67    274.33      0.33   3464.00      5.33
07:34:28 PM    232.00    230.00      2.00   3168.00    360.00
07:34:31 PM    429.00    403.67     25.33   6093.33   6221.33
07:34:34 PM    310.03    286.62     23.41   4313.04   5530.43
07:34:37 PM    300.33    278.67     21.67   3952.00   5013.33
07:34:40 PM    266.00    260.67      5.33   4008.00   1045.33
07:34:43 PM    285.33    269.67     15.67   4426.67   3634.67
07:34:46 PM    338.67    285.00     53.67   5482.67  13309.33
07:34:49 PM    306.67    306.33      0.33   5029.33      5.33
07:34:52 PM    283.39    257.14     26.25   4175.42   5528.24
07:34:55 PM    349.67    316.00     33.67   5978.67   8530.67
07:34:58 PM    434.22    386.71     47.51   8741.53  10780.07
07:35:01 PM    424.33    418.67      5.67   8082.67    912.00
Average:       510.74    419.09     91.65   7513.88  18485.72
