Linux 4.2.2 (vm1_27) 	06/08/2017 	_x86_64_	(1 CPU)

07:36:28 PM       tps      rtps      wtps   bread/s   bwrtn/s
07:36:31 PM     14.05     14.05      0.00    347.83      0.00
07:36:34 PM      0.67      0.00      0.67      0.00     21.33
07:36:37 PM      0.33      0.00      0.33      0.00      2.66
07:36:40 PM      0.67      0.00      0.67      0.00      8.03
07:36:43 PM      0.00      0.00      0.00      0.00      0.00
07:36:46 PM      0.66      0.00      0.66      0.00      7.97
07:36:49 PM      0.00      0.00      0.00      0.00      0.00
07:36:52 PM      0.67      0.00      0.67      0.00      8.03
07:36:55 PM      0.00      0.00      0.00      0.00      0.00
07:36:58 PM      2.33      1.67      0.67    208.00     10.67
07:37:01 PM      1.00      0.67      0.33      5.35      2.68
07:37:04 PM      0.67      0.00      0.67      0.00     16.00
07:37:07 PM      1.99      0.00      1.99      0.00     15.95
07:37:10 PM      0.67      0.00      0.67      0.00     13.33
07:37:13 PM      0.00      0.00      0.00      0.00      0.00
07:37:16 PM      0.66      0.00      0.66      0.00      7.97
07:37:19 PM      0.00      0.00      0.00      0.00      0.00
07:37:22 PM      0.67      0.00      0.67      0.00      8.00
07:37:25 PM      0.00      0.00      0.00      0.00      0.00
07:37:28 PM      0.66      0.00      0.66      0.00      7.97
07:37:31 PM      0.00      0.00      0.00      0.00      0.00
07:37:34 PM      0.67      0.00      0.67      0.00      8.00
07:37:37 PM      0.33      0.00      0.33      0.00      2.67
07:37:40 PM      0.66      0.00      0.66      0.00      7.97
07:37:43 PM      1.00      0.00      1.00      0.00      8.00
07:37:46 PM      0.67      0.00      0.67      0.00      8.00
07:37:49 PM      0.00      0.00      0.00      0.00      0.00
07:37:52 PM      0.67      0.00      0.67      0.00      8.00
07:37:55 PM      0.00      0.00      0.00      0.00      0.00
07:37:58 PM      0.67      0.00      0.67      0.00      8.00
07:38:01 PM      0.00      0.00      0.00      0.00      0.00
07:38:04 PM      0.66      0.00      0.66      0.00     10.63
07:38:07 PM      0.00      0.00      0.00      0.00      0.00
07:38:10 PM      0.67      0.00      0.67      0.00      8.00
07:38:13 PM      0.33      0.00      0.33      0.00      2.67
07:38:16 PM      1.00      0.00      1.00      0.00     10.70
07:38:19 PM      0.00      0.00      0.00      0.00      0.00
07:38:22 PM      1.00      0.00      1.00      0.00     10.63
07:38:25 PM      0.00      0.00      0.00      0.00      0.00
07:38:28 PM      0.67      0.00      0.67      0.00      8.03
07:38:31 PM      0.00      0.00      0.00      0.00      0.00
07:38:34 PM      0.67      0.00      0.67      0.00      8.00
07:38:37 PM      0.00      0.00      0.00      0.00      0.00
07:38:40 PM      0.67      0.00      0.67      0.00      8.00
07:38:43 PM      0.00      0.00      0.00      0.00      0.00
07:38:46 PM      0.67      0.00      0.67      0.00      8.00
07:38:49 PM      0.33      0.00      0.33      0.00      2.67
07:38:52 PM      1.00      0.00      1.00      0.00     10.67
07:38:55 PM      0.00      0.00      0.00      0.00      0.00
07:38:58 PM      0.67      0.00      0.67      0.00      8.00
07:39:01 PM      0.00      0.00      0.00      0.00      0.00
07:39:04 PM      0.67      0.00      0.67      0.00     10.67
07:39:07 PM      0.00      0.00      0.00      0.00      0.00
07:39:10 PM      0.67      0.00      0.67      0.00      8.00
07:39:14 PM    693.44    532.58    160.86   6038.01  36999.10
07:39:17 PM    106.64    105.75      0.88   1861.95     10.62
07:39:20 PM    405.70    135.09    270.61   3422.81  57110.53
07:39:23 PM    223.53    223.53      0.00   3454.90      0.00
07:39:26 PM    348.84    187.13    161.72   5333.33  14336.63
07:39:29 PM    694.33    449.67    244.67  17578.67  41013.33
07:39:32 PM    525.67    239.10    286.57   8706.87  63357.61
07:39:35 PM    263.53    204.89     58.65   3455.64  11103.76
07:39:38 PM   1031.56    779.73    251.83  11853.82  50482.39
07:39:41 PM   1914.05   1800.67    113.38  17905.02  20184.62
07:39:44 PM   1953.82   1782.06    171.76  15829.90  33041.86
07:39:48 PM    473.43    188.36    285.07   4351.04  57017.31
07:39:51 PM    814.14    676.77    137.37   9804.71  27113.80
07:39:54 PM   1455.48   1206.31    249.17  10519.60  52815.95
07:39:57 PM    588.16    515.79     72.37   7000.00  14928.95
07:40:00 PM    378.79    314.81     63.97   7138.05  11415.49
07:40:03 PM   1225.84    993.96    231.88  15127.52  44620.13
07:40:07 PM    294.86    137.28    157.58   3368.64  31788.17
07:40:10 PM    400.46    204.87    195.59   5314.15  41217.63
07:40:13 PM   1681.97   1627.32     54.64  20104.92  13980.33
07:40:16 PM    417.06    417.06      0.00   4723.55      0.00
07:40:19 PM    257.10    200.00     57.10   4307.89   9955.84
07:40:22 PM   1624.66   1499.32    125.34  16986.49  26813.51
07:40:25 PM    515.95    264.45    251.50   5528.24  49073.75
07:40:28 PM   2169.10   2013.29    155.81  20239.20  33980.07
07:40:31 PM    781.67    714.67     67.00   6285.33  12610.67
07:40:34 PM   1372.26   1132.93    239.33  16409.76  54578.05
07:40:37 PM   1450.18   1347.65    102.53  14850.54  17588.45
07:40:40 PM   1550.67   1376.85    173.83  14316.78  40944.97
07:40:43 PM    404.48    205.37    199.10   6464.48  40869.25
07:40:46 PM    243.80     99.49    144.30   1974.68  30090.13
07:40:49 PM    630.85    488.83    142.02   8612.77  22548.94
07:40:52 PM    527.30    276.07    251.23   8110.43  52319.02
07:40:55 PM   1008.80    841.20    167.61  13591.55  32687.32
07:40:58 PM   2368.94   2163.04    205.90  22124.22  39393.79
07:41:01 PM    256.29    201.75     54.55   4279.72   8341.26
07:41:04 PM   1446.50   1307.64    138.85  16290.45  29556.69
07:41:07 PM   1988.22   1797.98    190.24  17680.81  35671.38
07:41:10 PM   1021.26    865.78    155.48  11513.62  29355.48
07:41:13 PM    548.33    377.33    171.00   7045.33  33778.67
07:41:17 PM   1564.52   1435.48    129.03  13792.38  25867.45
07:41:20 PM    350.51    296.63     53.87   7709.09   8899.66
07:41:23 PM    378.74    306.98     71.76   9358.14  14312.29
07:41:26 PM    739.33    608.33    131.00  23949.33  25552.00
07:41:29 PM   2018.15   1825.08    193.07  21119.47  41322.77
07:41:32 PM    174.75     34.88    139.87   1031.23  33371.43
07:41:35 PM    255.84    168.18     87.66   5942.86  18859.74
07:41:38 PM    554.63    370.45    184.18   7897.31  38770.15
07:41:41 PM   1853.80   1654.79    199.01  21959.08  42188.78
07:41:44 PM    409.92    260.86    149.06   5008.04  28735.66
07:41:47 PM    280.31    199.21     81.10   5555.91  13108.66
07:41:50 PM   2324.83   2099.33    225.50  23844.30  50029.53
07:41:53 PM    301.51    233.23     68.28   6375.83  13140.79
07:41:56 PM   2702.60   2454.65    247.96  31806.69  57335.32
07:41:59 PM    797.02    759.93     37.09  13417.22   6487.42
07:42:02 PM   2093.69   1811.30    282.39  21961.46  60297.67
07:42:05 PM    966.78    778.74    188.04   9703.65  42176.74
07:42:08 PM    248.86    131.27    117.59   3486.64  21735.50
07:42:11 PM   2467.56   2308.03    159.53  23162.54  37995.99
07:42:14 PM    267.89    173.58     94.31   6367.89  17784.62
07:42:17 PM    335.67    132.67    203.00   4125.33  44712.00
07:42:20 PM   1077.00    932.33    144.67  14661.33  27312.00
07:42:24 PM    552.42    424.24    128.18  13296.97  22703.03
07:42:27 PM    512.54    206.62    305.92   9560.98  64563.07
07:42:30 PM    157.14    103.76     53.38   3977.94   9497.74
07:42:33 PM    187.50     67.12    120.38   2298.46  25473.85
07:42:39 PM    802.97    679.21    123.76  12517.49  25454.79
07:42:42 PM    545.79    449.16     96.63   7186.53  18305.72
07:42:45 PM    388.42    221.86    166.56   7596.14  32511.90
07:42:48 PM   1129.53   1036.49     93.04  12706.41  18723.12
07:42:51 PM   1045.25    875.67    169.58  12243.35  37496.58
07:42:54 PM    199.33    139.67     59.67   5933.33   8845.33
07:42:58 PM    206.02    119.30     86.72   4968.42  16060.15
07:43:01 PM    175.52     94.03     81.49   5998.81  17492.54
07:43:06 PM    465.90    384.21     81.69   8776.20  16040.27
07:43:09 PM    229.35    180.20     49.15   5823.89   7445.73
07:43:12 PM    486.76    235.00    251.76   5122.35  57134.12
07:43:15 PM    338.18    207.09    131.08   5886.49  28218.92
07:43:18 PM    183.72    159.14     24.58   5116.28   3359.47
07:43:21 PM    381.67    320.33     61.33   8616.00  10688.00
07:43:24 PM    544.00    381.33    162.67  10938.67  33778.67
07:43:27 PM   1330.84   1104.05    226.79  14484.74  46636.76
07:43:30 PM    270.00    238.28     31.72   8358.62   5230.34
07:43:33 PM    202.33    117.33     85.00   5645.33  16984.00
07:43:38 PM    367.45    232.75    134.71   7672.16  28428.24
07:43:41 PM    228.09    147.94     80.15   5021.72  13345.32
07:43:46 PM    286.05    190.13     95.92   6118.45  18358.80
07:43:49 PM   1280.95   1140.21    140.74  16173.54  28088.89
07:43:52 PM    314.29    229.59     84.69   7608.16  15306.12
07:43:57 PM   1123.71    980.82    142.89  12173.20  31005.36
07:44:00 PM    552.11    503.10     49.01   8112.68   8703.10
07:44:03 PM    397.44    311.28     86.15   7179.49  17173.33
07:44:06 PM   1032.12    877.37    154.75  12127.37  29615.64
07:44:10 PM    978.38    911.71     66.67  11646.85  12759.16
07:44:13 PM    408.54    190.36    218.18   4678.79  48094.77
07:44:18 PM    217.42    111.18    106.24   4674.41  19600.86
07:44:19 PM    466.91    466.91      0.00  13117.65      0.00
07:44:23 PM    396.10    208.78    187.32   7479.02  39500.49
07:44:26 PM   1484.00   1428.33     55.67  18624.00   9221.33
07:44:29 PM    815.02    756.66     58.36   9897.61  10217.06
07:44:32 PM    179.17    108.01     71.15   3328.21  11158.97
07:44:35 PM   1138.51    973.99    164.53  17848.65  31894.59
07:44:39 PM    228.06    174.19     53.87   7200.00  10162.58
07:44:42 PM    459.67    341.33    118.33  10173.33  23266.67
07:44:45 PM    554.08    522.96     31.12   7814.29   5500.00
07:44:48 PM    429.39    209.16    220.23   6851.91  41893.13
07:44:51 PM    126.25     48.17     78.07   2033.22  19037.87
07:44:54 PM    770.67    582.00    188.67  13373.33  33773.33
07:44:57 PM    133.33     95.24     38.10   3011.90   7585.71
07:45:00 PM    325.57    105.02    220.55   4412.79  51826.48
07:45:03 PM     76.07     66.26      9.82    996.32   2350.92
07:45:06 PM    244.12    240.20      3.92   4802.61     78.43
07:45:09 PM    406.48    274.06    132.42   7486.69  22790.44
07:45:13 PM    247.35    207.06     40.29   6195.29   6840.00
07:45:16 PM    450.50    331.10    119.40  10242.14  23397.99
07:45:19 PM    163.67     76.67     87.00   2186.67  17776.00
07:45:22 PM   1582.72   1461.13    121.59  20544.85  24967.44
07:45:25 PM    586.96    492.98     93.98   9562.54  16797.32
07:45:28 PM    937.17    862.03     75.13  12254.55  15719.79
07:45:32 PM    309.30    233.52     75.77   6294.08  15046.76
07:45:35 PM    854.80    807.43     47.37  13282.97   8094.12
07:45:38 PM    269.88    216.67     53.22   5946.20   9359.06
07:45:42 PM    283.24    216.18     67.06   6289.41  11694.12
07:45:45 PM    248.05    223.05     25.00   5368.83   4631.17
07:45:48 PM    177.20    172.40      4.80   4582.40   1017.60
07:45:51 PM    326.67    283.33     43.33   7789.33   7173.33
07:45:54 PM   1083.00    929.33    153.67  15733.33  26800.00
07:45:57 PM    331.08    258.46     72.62   5868.31   9949.54
07:46:00 PM   1355.89   1236.70    119.19  16307.07  25357.58
07:46:03 PM    225.00    202.00     23.00   4077.33   3800.00
07:46:06 PM    479.67    380.98     98.69  11131.80  19808.52
07:46:09 PM   1312.16   1235.14     77.03  18024.32  17164.86
07:46:12 PM    411.96    308.97    102.99   8983.39  15649.17
07:46:15 PM    122.41     57.53     64.88   2504.35  10151.17
07:46:18 PM    336.27    250.00     86.27   7547.71  14878.43
07:46:21 PM    341.86    226.91    114.95   7758.14  24045.18
07:46:24 PM    165.12     57.10    108.02   1950.62  18809.88
07:46:27 PM    720.81    641.28     79.53  12738.26  17186.58
07:46:30 PM    484.39    321.26    163.12  11505.65  35013.95
07:46:33 PM    876.92    750.84    126.09  16607.36  26402.68
07:46:36 PM    212.29    169.77     42.52   6221.93   7125.58
07:46:40 PM    183.67    127.41     56.27   4191.25  10588.92
07:46:43 PM    282.94    188.63     94.31   5565.22  21573.24
07:46:46 PM    272.00    181.67     90.33   5632.00  18416.00
07:46:49 PM    229.67    163.33     66.33   5962.67  11997.33
07:46:52 PM    225.33    164.33     61.00   7074.67  11544.00
07:46:55 PM    471.00    390.33     80.67   9752.00  17597.33
07:46:58 PM    137.78    100.00     37.78   4213.33   6600.63
07:47:01 PM    364.03    277.11     86.92   9451.77  16451.23
07:47:04 PM    280.49    226.42     54.07   7775.61   9047.15
07:47:07 PM    311.00    168.67    142.33   5656.00  29805.33
07:47:10 PM    268.90    209.36     59.53   6121.74  10865.55
07:47:13 PM   1367.20   1201.93    165.27  22706.11  35354.34
07:47:19 PM    168.93    127.35     41.59   2506.15   8642.07
07:47:21 PM     73.64     73.64      0.00   2567.27      0.00
07:47:24 PM     76.51     76.51      0.00   2314.09      0.00
07:47:31 PM    331.97    200.85    131.12   5232.25  28753.61
07:47:34 PM    132.19    124.03      8.15   5541.63   1957.08
07:47:37 PM    130.98    130.64      0.34   3434.34      8.08
07:47:40 PM    121.55    121.21      0.34   3876.09      0.00
07:47:46 PM    173.64     69.77    103.86   2494.81  16243.94
07:47:49 PM    119.79    118.72      1.07   3952.94     12.83
07:47:55 PM    169.75    107.97     61.78   4026.09  11243.48
07:47:58 PM    121.63    121.63      0.00   4476.60      0.00
07:48:01 PM    220.71    165.05     55.66   5719.09   8960.52
07:48:05 PM    528.50    458.48     70.02   8935.63  13837.84
07:48:08 PM    191.76     86.38    105.38   2798.57  21003.58
07:48:11 PM    125.00     88.89     36.11   4069.44   4997.22
07:48:14 PM    192.75    146.53     46.22   3683.38   7610.88
07:48:17 PM    361.36    271.98     89.38   8127.43  21125.66
07:48:20 PM    859.30    795.09     64.21   8960.00  12850.53
07:48:23 PM    464.67    427.67     37.00   6778.67   7733.33
07:48:26 PM    287.98    232.43     55.56   6623.13  11007.71
07:48:29 PM    390.57    337.11     53.46   8060.38  10696.86
07:48:32 PM    419.14    309.57    109.57   6685.15  22083.17
07:48:35 PM   1337.12   1295.65     41.47  15951.84   8866.89
07:48:38 PM    365.12    305.98     59.14   7114.95  11176.08
07:48:41 PM    305.73    267.91     37.82   7912.89   7566.76
07:48:45 PM   1178.28   1044.48    133.79  18104.83  28331.03
07:48:47 PM    322.00    110.00    212.00   4541.33  37085.33
07:48:51 PM    628.33    531.67     96.67  10733.33  21240.00
07:48:53 PM   1090.37   1010.63     79.73  11654.49  17320.93
07:48:57 PM    378.60    282.27     96.32   8746.49  20299.67
07:49:00 PM    160.96    122.92     38.04   4012.09   6885.64
07:49:04 PM    257.31    165.30     92.01   6394.52  19769.86
07:49:07 PM    640.49    531.17    109.31  10493.93  23497.98
07:49:10 PM     55.67     50.67      5.00   2224.00    114.67
07:49:13 PM    181.23    133.01     48.22   4253.72   7769.58
07:49:16 PM    300.00    234.78     65.22   5634.78  13404.68
07:49:19 PM    293.33    222.67     70.67   6066.67  12698.67
07:49:24 PM     92.72     52.89     39.83   2456.53   8380.30
07:49:27 PM    199.24    159.92     39.31   5945.04   6848.85
07:49:30 PM    661.00    569.33     91.67  11696.00  17634.67
07:49:33 PM    124.74     62.11     62.63   2505.15  11505.15
07:49:36 PM    702.03    650.34     51.69   8829.73  11164.86
07:49:40 PM    188.74    118.41     70.33   3848.35  12916.48
Average:       467.30    381.09     86.21   6791.02  17217.44
