Linux 4.2.2 (vm1_27) 	06/08/2017 	_x86_64_	(1 CPU)

08:19:30 PM       tps      rtps      wtps   bread/s   bwrtn/s
08:19:33 PM     13.67     13.00      0.67    256.00     21.33
08:19:36 PM      0.00      0.00      0.00      0.00      0.00
08:19:39 PM      0.67      0.00      0.67      0.00     18.73
08:19:42 PM      0.33      0.00      0.33      0.00      2.66
08:19:45 PM      0.67      0.00      0.67      0.00     10.67
08:19:48 PM      0.00      0.00      0.00      0.00      0.00
08:19:51 PM      0.66      0.00      0.66      0.00      7.97
08:19:54 PM      0.00      0.00      0.00      0.00      0.00
08:19:57 PM      0.67      0.00      0.67      0.00      8.00
08:20:00 PM      0.00      0.00      0.00      0.00      0.00
08:20:03 PM     35.45     34.45      1.00    618.06     16.05
08:20:06 PM      7.97      6.98      1.00    326.91     18.60
08:20:09 PM      3.00      0.00      3.00      0.00     24.00
08:20:12 PM      0.67      0.00      0.67      0.00     16.00
08:20:15 PM      0.00      0.00      0.00      0.00      0.00
08:20:18 PM      0.66      0.00      0.66      0.00      7.97
08:20:21 PM      0.00      0.00      0.00      0.00      0.00
08:20:24 PM      0.67      0.00      0.67      0.00      8.00
08:20:27 PM      0.00      0.00      0.00      0.00      0.00
08:20:30 PM      0.66      0.00      0.66      0.00      7.97
08:20:33 PM      0.00      0.00      0.00      0.00      0.00
08:20:36 PM      0.66      0.00      0.66      0.00      7.97
08:20:39 PM      1.00      0.00      1.00      0.00      7.97
08:20:42 PM      0.67      0.00      0.67      0.00      8.00
08:20:45 PM      1.33      0.00      1.33      0.00     10.67
08:20:48 PM      0.67      0.00      0.67      0.00     10.67
08:20:51 PM      0.00      0.00      0.00      0.00      0.00
08:20:54 PM      0.67      0.00      0.67      0.00      8.00
08:20:57 PM      0.00      0.00      0.00      0.00      0.00
08:21:00 PM      0.67      0.00      0.67      0.00      8.00
08:21:03 PM      0.00      0.00      0.00      0.00      0.00
08:21:06 PM      0.67      0.00      0.67      0.00      8.00
08:21:09 PM      0.00      0.00      0.00      0.00      0.00
08:21:12 PM      0.67      0.00      0.67      0.00      8.00
08:21:15 PM      0.33      0.00      0.33      0.00      2.66
08:21:18 PM      1.00      0.00      1.00      0.00     10.63
08:21:21 PM      0.00      0.00      0.00      0.00      0.00
08:21:24 PM      1.00      0.00      1.00      0.00     10.63
08:21:27 PM      0.00      0.00      0.00      0.00      0.00
08:21:30 PM      0.67      0.00      0.67      0.00      8.03
08:21:33 PM      0.00      0.00      0.00      0.00      0.00
08:21:36 PM      0.67      0.00      0.67      0.00      8.00
08:21:39 PM      0.00      0.00      0.00      0.00      0.00
08:21:42 PM      0.67      0.00      0.67      0.00      8.00
08:21:45 PM      0.00      0.00      0.00      0.00      0.00
08:21:48 PM      1.00      0.00      1.00      0.00     13.29
08:21:51 PM      0.00      0.00      0.00      0.00      0.00
08:21:54 PM      1.00      0.00      1.00      0.00     10.63
08:21:57 PM      0.00      0.00      0.00      0.00      0.00
08:22:00 PM      0.67      0.00      0.67      0.00     10.67
08:22:03 PM      0.33      0.00      0.33      0.00      0.00
08:22:06 PM      0.67      0.00      0.67      0.00     10.67
08:22:09 PM      0.00      0.00      0.00      0.00      0.00
08:22:12 PM      0.67      0.00      0.67      0.00      8.00
08:22:17 PM    284.67     71.33    213.33   3107.56  43555.56
08:22:19 PM    121.01    121.01      0.00   2646.38      0.00
08:22:23 PM   1187.42    855.35    332.08  13703.14  69054.09
08:22:26 PM   1613.25   1433.73    179.52  15551.81  36568.67
08:22:29 PM    123.01    106.78     16.22   3145.72   1869.03
08:22:32 PM    584.35    294.66    289.69   8076.34  51810.69
08:22:35 PM    373.67    182.00    191.67   5064.00  34189.33
08:22:38 PM    273.09    107.64    165.45   3215.95  35697.01
08:22:41 PM    510.00    319.46    190.54   6082.16  37483.24
08:22:44 PM   1045.05    894.14    150.92  14748.72  28172.89
08:22:47 PM   2023.41   1897.66    125.75  20176.59  24989.97
08:22:50 PM   1631.89   1377.74    254.15  14019.93  58562.13
08:22:53 PM   1161.87   1057.19    104.68  13418.06  22012.04
08:22:56 PM    251.00     93.67    157.33   2184.00  27181.33
08:22:59 PM   1421.33   1185.67    235.67  16946.67  44901.33
08:23:02 PM    589.11    348.18    240.92   4784.16  44726.07
08:23:05 PM    132.78    109.70     23.08   2833.44   4401.34
08:23:08 PM   1696.70   1415.51    281.19  16707.59  55912.87
08:23:11 PM   1388.33   1288.67     99.67  14346.67  16925.33
08:23:14 PM    392.16     79.41    312.75   2836.60  65328.10
08:23:17 PM    299.67     64.90    234.77   1483.44  46140.40
08:23:20 PM    415.00     66.00    349.00   1368.00  69018.67
08:23:24 PM    251.13     37.30    213.83    653.38  36805.14
08:23:27 PM    989.67    902.33     87.33  11645.33  16538.67
08:23:30 PM    379.07    280.40     98.67   8810.63  18572.76
08:23:33 PM    363.09    148.69    214.40   3258.64  40138.22
08:23:36 PM    441.30    320.65    120.65   8443.48  21014.49
08:23:39 PM   1146.00    924.00    222.00  11666.67  47730.67
08:23:42 PM    375.61    144.51    231.10   5004.88  41658.54
08:23:45 PM    261.41    217.45     43.96   4912.75   6912.75
08:23:48 PM   1091.36    919.27    172.09  15896.35  30939.53
08:23:51 PM    795.33    491.67    303.67   6674.67  59784.00
08:23:55 PM    331.83     81.67    250.16   1461.09  49777.49
08:23:58 PM    366.78     58.47    308.31   1671.76  57658.47
08:24:01 PM    319.67     75.33    244.33   1557.33  48989.33
08:24:04 PM   1498.34   1342.86    155.48  14498.34  33132.23
08:24:07 PM   1006.00    786.33    219.67   7088.00  44112.00
08:24:10 PM   1175.00    952.13    222.87  11924.39  51565.85
08:24:13 PM   1370.82   1344.13     26.69  12279.00   4973.67
08:24:16 PM   1510.39   1228.25    282.14  14425.97  62857.14
08:24:19 PM    128.87    128.18      0.69   1542.27      8.25
08:24:22 PM   2684.72   2396.35    288.37  24600.66  62732.23
08:24:25 PM    253.35    103.51    149.84   2576.36  31031.31
08:24:28 PM   2215.77   1889.26    326.51  29868.46  62475.17
08:24:31 PM    252.53    150.63    101.90   7250.63  19521.52
08:24:34 PM   1940.25   1690.40    249.85  26380.19  55383.28
08:24:37 PM   2441.47   2244.15    197.32  19234.78  37749.83
08:24:40 PM    761.10    572.62    188.47  23771.76  42713.54
08:24:43 PM    139.08    127.46     11.62   2884.51   2509.86
08:24:46 PM    975.00    758.00    217.00  11912.00  45066.67
08:24:49 PM   2187.71   2054.49    133.22  18043.85  30062.46
08:24:52 PM    449.36    240.71    208.65   7146.15  38651.28
08:24:56 PM   1726.79   1484.52    242.26  15788.10  52676.19
08:24:59 PM    161.31     57.70    103.61   1754.75  15425.57
08:25:02 PM   1004.00    865.33    138.67  12992.00  27210.67
08:25:05 PM    389.64     97.09    292.56   4238.19  62374.11
08:25:08 PM    347.51    128.90    218.60   5615.95  41004.65
08:25:11 PM    551.17    163.55    387.63   6137.79  75678.93
08:25:14 PM    325.25    153.49    171.76   6886.38  31370.10
08:25:17 PM    419.21    143.71    275.50   6045.03  54251.66
08:25:20 PM    378.67    153.67    225.00   5498.67  46010.67
08:25:23 PM   1430.23   1065.45    364.78  17506.98  78479.73
08:25:26 PM    373.87    217.10    156.77   9305.81  28294.19
08:25:29 PM   2213.51   1990.88    222.64  26151.35  42956.76
08:25:32 PM    360.32     69.21    291.11   3004.44  56121.90
08:25:35 PM    446.02     84.78    361.25   4135.64  67330.10
08:25:38 PM    424.10     72.31    351.79   4252.77  76057.33
08:25:41 PM    376.83    235.48    141.35   8537.24  28982.99
08:25:44 PM   1414.98   1239.33    175.66  20401.50  38408.99
08:25:47 PM    765.55    617.39    148.16  12933.78  29254.85
08:25:50 PM   1985.67   1683.67    302.00  22325.33  67141.33
08:25:53 PM   2487.00   2349.00    138.00  36840.00  20005.33
08:25:56 PM    389.37    193.36    196.01   7231.89  39253.16
08:25:59 PM    297.99    158.53    139.46   6432.11  27609.36
08:26:02 PM    323.33    185.33    138.00   6824.00  24962.67
08:26:05 PM   1370.64   1033.64    337.00  18661.77  65436.09
08:26:08 PM    267.72    167.45    100.26   7880.31  16852.49
08:26:12 PM    555.60    467.22     88.38   8856.43  12235.68
08:26:15 PM    460.20    231.10    229.10   8117.73  53380.60
08:26:20 PM    310.85    179.57    131.28   7668.72  27108.86
08:26:23 PM    342.70    104.49    238.20   6531.84  38876.40
08:26:27 PM    303.74    227.75     75.99   6798.24  14858.15
08:26:29 PM    452.35    389.93     62.42  10416.11  14195.97
08:26:32 PM   1817.33   1583.33    234.00  21002.67  46560.00
08:26:35 PM    719.33    616.00    103.33   9517.33  18098.67
08:26:39 PM    564.30    249.87    314.44   6899.74  64331.76
08:26:42 PM    388.63    158.53    230.10   4912.37  46533.78
08:26:45 PM    352.17    182.94    169.23   5083.61  34287.63
08:26:48 PM    520.32    115.16    405.16   2554.84  71153.55
08:26:51 PM    299.00    159.80    139.20   5102.99  28956.81
08:26:54 PM    541.47    222.74    318.73   9533.11  69937.12
08:26:58 PM    343.19     75.29    267.90   2093.30  50433.26
08:27:01 PM    239.36    178.43     60.93   4268.22  10859.48
08:27:05 PM    476.55    286.44    190.11   9588.70  39844.07
08:27:08 PM    422.07    266.90    155.17   7624.83  29710.34
08:27:11 PM   1416.31   1151.36    264.95  13757.10  60420.54
08:27:14 PM    342.71    221.88    120.83   2580.56  25869.44
08:27:17 PM    962.46    631.56    330.90  13368.77  70267.11
08:27:20 PM    515.00    426.67     88.33   7696.00  16634.67
08:27:23 PM    413.33    298.67    114.67   6258.67  20898.67
08:27:26 PM   1115.90    993.58    122.32  13673.39  24203.06
08:27:29 PM    313.65    250.17     63.48   6165.19  12846.42
08:27:32 PM    671.53    585.42     86.10   6804.07  18359.32
08:27:36 PM    799.22    695.85    103.37  10723.32  23241.45
08:27:39 PM    221.51    220.79      0.72   3323.30      8.60
08:27:42 PM     85.33     85.00      0.33    680.00      5.33
08:27:45 PM     89.67     89.33      0.33    714.67      2.67
08:27:48 PM     81.67     81.33      0.33    650.67      8.00
08:27:51 PM    115.61    115.28      0.33   1174.75      0.00
08:27:54 PM     83.33     83.00      0.33    664.00      8.00
08:27:57 PM     76.00     75.67      0.33    605.33      2.67
08:28:00 PM     98.33     98.00      0.33    784.00      8.00
08:28:03 PM    108.64    108.31      0.33    948.84      0.00
08:28:06 PM     89.33     88.67      0.67    792.00      8.00
08:28:09 PM     90.33     90.00      0.33    720.00      2.67
08:28:12 PM     97.33     96.67      0.67    773.33     10.67
08:28:15 PM     94.00     93.67      0.33    749.33      0.00
08:28:18 PM     89.67     89.33      0.33    714.67      5.33
08:28:21 PM     73.00     72.67      0.33    581.33      2.67
08:28:24 PM     85.76     85.43      0.33    683.44      7.95
08:28:27 PM    187.04    180.40      6.64   4263.12    143.52
08:28:30 PM    311.81    298.35     13.46  10527.47   1874.73
08:28:33 PM    368.83    302.78     66.05   9735.80  12019.75
08:28:36 PM    466.80    319.50    147.30   9882.16  28448.13
08:28:40 PM    897.73    742.05    155.68  12488.64  32465.91
08:28:42 PM    433.09    390.18     42.91   9614.55   7796.36
08:28:45 PM    382.12    318.21     63.91   8174.83  11170.86
08:28:49 PM    340.32    175.48    164.84   6309.68  31060.65
08:28:52 PM    294.65    250.17     44.48   7681.61   8684.95
08:28:55 PM    306.64    245.18     61.46   5142.86  10623.26
08:28:58 PM    257.81    153.82    103.99   5368.77  18341.53
08:29:01 PM    249.67    193.00     56.67   6360.00   9194.67
08:29:04 PM   1044.70    965.56     79.14  11925.83  16029.14
08:29:07 PM    195.33    142.67     52.67   3688.00   9178.67
08:29:10 PM    332.67    220.13    112.54   5642.24  22125.41
08:29:13 PM    210.19    148.53     61.66   4364.61  11347.99
08:29:16 PM    282.77    276.69      6.08   7467.57   1275.68
08:29:19 PM    325.74    204.62    121.12   6151.82  23007.26
08:29:22 PM    226.58    173.75     52.82   5512.29   9956.15
08:29:26 PM    217.11    156.05     61.06   6119.17  10307.96
08:29:29 PM    400.33    295.00    105.33   8333.33  21528.00
08:29:32 PM    397.07    220.52    176.55   6400.00  36284.04
08:29:35 PM    520.67    453.00     67.67   5080.00  15120.00
08:29:38 PM   1979.00   1790.00    189.00  30664.00  35266.67
08:29:41 PM    650.45    533.33    117.12  11507.51  27449.85
08:29:44 PM   1100.69   1084.08     16.61  11842.21   3916.96
08:29:47 PM    123.08    123.08      0.00   2375.92      0.00
08:29:50 PM    369.37    256.76    112.61   7248.05  20785.59
08:29:53 PM    213.57    188.93     24.64   6951.43   4628.57
08:29:56 PM    253.31    216.56     36.75   7467.55   6659.60
08:29:59 PM    341.20    235.22    105.98   7024.58  20823.92
08:30:02 PM   1191.33   1074.00    117.33  17584.00  22232.00
08:30:05 PM   1798.00   1664.00    134.00  19664.00  30690.67
08:30:09 PM    176.85    102.15     74.70   3614.32  13069.21
08:30:12 PM    261.36    193.90     67.46   6381.02  11311.19
08:30:15 PM    153.00    152.00      1.00   3941.33     13.33
08:30:18 PM    282.89    212.17     70.72   6978.95  14455.26
08:30:21 PM    125.42    125.08      0.33   3620.07      2.68
08:30:26 PM    272.30    139.96    132.35   6560.68  23819.03
08:30:27 PM    366.20    359.15      7.04   9814.08    422.54
08:30:30 PM    262.67    166.00     96.67   6434.67  14437.33
08:30:33 PM    918.81    818.81    100.00  16216.50  19297.69
08:30:36 PM    273.73    216.72     57.01   6617.31   9951.04
08:30:39 PM    433.33    291.85    141.48   9597.04  26112.59
08:30:42 PM    551.51    323.08    228.43   9862.21  48422.74
08:30:45 PM    440.73    300.33    140.40   8720.53  28225.17
08:30:49 PM    315.34    244.03     71.31   8422.73  12336.36
08:30:52 PM    752.84    680.50     72.34  14553.19  13497.87
08:30:55 PM    453.56    360.68     92.88   8297.21  17372.14
08:30:58 PM    487.81    366.88    120.94  12645.00  21757.50
08:31:01 PM    303.60    219.22     84.38   9172.37  16927.33
08:31:04 PM    491.61    387.92    103.69   7938.26  24547.65
08:31:07 PM    261.00    243.00     18.00   7066.67   2757.33
08:31:10 PM    261.79    240.20     21.59   6883.72   3720.93
08:31:13 PM    279.07    249.17     29.90   6697.67   6328.24
08:31:16 PM    368.79    325.48     43.31  10726.11   8387.26
08:31:19 PM    254.82    249.17      5.65   6854.49    481.06
08:31:22 PM    338.33    326.33     12.00   7517.33   1506.67
08:31:25 PM    257.14    203.99     53.16   5105.65   7888.37
08:31:29 PM   1040.69    901.43    139.26  13157.59  30679.66
08:31:32 PM    238.91    235.80      3.11   6823.35     31.13
08:31:35 PM   1866.56   1686.29    180.27  19042.14  42474.92
08:31:38 PM    280.53    199.47     81.05   6549.47  16286.32
08:31:41 PM    311.50    246.69     64.81   6408.36  11693.38
08:31:44 PM    521.93    432.89     89.04  11269.10  14950.17
08:31:47 PM   1004.67    932.67     72.00  15018.67  14621.33
08:31:50 PM    166.76    132.66     34.10   4434.68   5729.48
08:31:54 PM    474.70    382.44     92.26   7388.10  17704.76
08:31:57 PM   1094.95   1022.38     72.56  12771.12  17666.43
08:32:00 PM    246.20    160.07     86.14   7001.98  17972.28
08:32:03 PM    250.39    174.16     76.23   5271.32  14160.21
08:32:06 PM    227.37    201.05     26.32   4620.35   2857.54
08:32:10 PM   1698.48   1431.73    266.75  15017.26  52265.99
08:32:13 PM   2902.44   2788.21    114.23  23147.97  28559.35
08:32:16 PM    225.25    224.92      0.34   4686.87      5.39
08:32:19 PM    440.13    400.33     39.80   8783.95   8454.85
Average:       487.12    381.36    105.76   6735.00  20947.97
