Linux 4.2.2 (vm3_28) 	07/16/2017 	_x86_64_	(1 CPU)

03:11:00 AM       tps      rtps      wtps   bread/s   bwrtn/s
03:11:03 AM    257.97    113.90    144.07  29157.97  34842.03
03:11:06 AM    301.01    145.95    155.07  37362.16  37486.49
03:11:09 AM    352.54    168.14    184.41  43042.71  44574.92
03:11:12 AM    366.10    210.85    155.25  41014.24  37640.68
03:11:15 AM    357.91    208.42    149.49  38715.15  36126.60
03:11:18 AM    481.94    322.74    159.20  40695.65  38466.89
03:11:21 AM    396.95    230.17    166.78  34522.03  40385.08
03:11:24 AM    422.30    257.09    165.20  51935.14  40216.22
03:11:27 AM    455.97    288.05    167.92  38118.77  40693.52
03:11:30 AM    392.20    207.80    184.41  35433.22  44602.03
03:11:33 AM    410.77    257.24    153.54  37039.73  34728.62
03:11:36 AM    539.46    365.99    173.47  52152.38  41967.35
03:11:39 AM    384.80    223.99    160.81  39862.16  38902.70
03:11:42 AM    425.34    259.12    166.22  34745.95  40291.89
03:11:45 AM    367.34    218.52    148.82  39404.71  36021.55
03:11:48 AM    410.03    261.87    148.16  37038.13  35777.93
03:11:51 AM    338.85    195.61    143.24  35318.92  34745.95
03:11:54 AM    383.56    212.42    171.14  44308.72  41393.29
03:11:57 AM    369.80    189.93    179.87  40134.23  43463.09
03:12:00 AM    396.26    222.79    173.47  47670.75  41953.74
03:12:03 AM    352.72    173.81    178.91  36481.63  43330.61
03:12:06 AM    323.00    164.67    158.33  34384.00  38362.67
03:12:09 AM    376.69    219.93    156.76  48678.38  37516.22
03:12:12 AM    288.55    162.29    126.26  23140.74  30475.42
03:12:15 AM    345.58    201.70    143.88  35439.46  34968.71
03:12:18 AM    331.54    194.97    136.58  36397.32  33122.15
03:12:21 AM    374.32    225.00    149.32  38070.27  36124.32
03:12:24 AM    363.51    208.45    155.07  36637.84  37508.11
03:12:27 AM    359.40    211.41    147.99  37691.28  35876.51
03:12:30 AM    402.03    252.70    149.32  37386.49  36132.43
03:12:33 AM    459.12    312.84    146.28  35429.73  35362.16
03:12:36 AM    483.16    323.57    159.60  44533.33  38771.72
03:12:39 AM    424.50    281.88    142.62  33562.42  34499.33
03:12:42 AM    475.76    325.59    150.17  42149.49  36026.94
03:12:45 AM    445.42    291.19    154.24  32675.25  37621.69
03:12:48 AM    325.00    179.05    145.95  35059.46  35329.73
03:12:51 AM    298.65    158.25    140.40  33414.14  33995.96
03:12:54 AM    305.07    161.49    143.58  33464.86  34727.03
03:12:57 AM    353.74    204.76    148.98  44827.21  36348.30
03:13:00 AM    315.82    167.00    148.82  33400.67  35997.31
03:13:03 AM    308.05    166.11    141.95  30773.15  34485.91
03:13:06 AM    431.99    288.55    143.43  34936.03  34634.34
03:13:09 AM    374.24    226.10    148.14  38356.61  35799.32
03:13:12 AM    368.14    218.31    149.83  38443.39  36466.44
03:13:15 AM    343.24    176.01    167.23  41624.32  40400.00
03:13:18 AM    367.58    180.20    187.37  46132.42  43579.52
03:13:21 AM    312.50    145.95    166.55  37362.16  40259.46
03:13:24 AM    317.01    136.05    180.95  34829.93  43602.72
03:13:27 AM    372.54    195.25    177.29  49985.08  42915.25
03:13:30 AM    309.52    136.05    173.47  34829.93  41940.14
03:13:33 AM    333.56    184.07    149.49  47121.36  36225.08
03:13:36 AM    325.76    146.78    178.98  37575.59  43178.31
03:13:39 AM    267.57    135.14    132.43  34594.59  31940.54
03:13:42 AM    290.54    129.73    160.81  33210.81  38875.68
03:13:45 AM    243.29    128.86    114.43  32987.92  27594.63
03:13:48 AM    285.76    135.59    150.17  34711.86  36227.80
03:13:51 AM    370.31    191.13    179.18  48928.33  43473.04
03:13:54 AM    309.86    136.05    173.81  34829.93  41926.53
03:13:57 AM    318.24    145.95    172.30  37362.16  41659.46
03:14:00 AM    382.25    196.59    185.67  50326.28  44884.64
03:14:03 AM    369.39    190.48    178.91  48761.90  43333.33
03:14:06 AM    317.85    140.07    177.78  35857.24  42898.32
03:14:09 AM    135.64     68.65     67.00  17573.60  16274.59
03:14:12 AM     32.89     15.95     16.94   4082.39   4093.02
03:14:15 AM     61.20     37.46     23.75   9589.30   5509.03
03:14:18 AM     11.33      0.00     11.33      0.00   2741.33
03:14:21 AM     27.33     10.67     16.67   2730.67   4109.33
03:14:24 AM     88.59     53.69     34.90  13744.97   8284.56
03:14:27 AM     44.82     10.70     34.11   2739.80   8251.51
03:14:30 AM     39.67     16.00     23.67   4096.00   5490.67
03:14:33 AM     76.00     48.00     28.00  12288.00   6850.67
03:14:36 AM     28.76      0.00     28.76      0.00   6878.93
03:14:39 AM     81.61     58.86     22.74  15068.90   5501.00
03:14:42 AM     38.67     10.67     28.00   2730.67   6850.67
03:14:45 AM     33.78      5.35     28.43   1369.90   6870.90
03:14:48 AM     77.26     48.16     29.10  12329.10   6884.28
03:14:51 AM     38.80     16.05     22.74   4109.70   5501.00
03:14:54 AM     38.67     10.67     28.00   2730.67   6850.67
03:14:57 AM     82.00     53.33     28.67  13653.33   6856.00
03:15:00 AM     33.78      5.35     28.43   1369.90   6876.25
03:15:03 AM     77.85     48.32     29.53  12370.47   6902.01
03:15:06 AM     44.82     16.05     28.76   4109.70   6878.93
03:15:09 AM     44.00     16.00     28.00   4096.00   6850.67
03:15:12 AM     93.29     64.43     28.86  16493.96   6902.01
03:15:15 AM     28.00      0.00     28.00      0.00   6850.67
03:15:18 AM     34.00      5.33     28.67   1365.33   6856.00
03:15:21 AM     86.96     53.51     33.44  13699.00   8243.48
03:15:24 AM     45.00     16.00     29.00   4096.00   6858.67
03:15:27 AM     70.81     48.32     22.48  12370.47   5511.41
03:15:30 AM     34.11      5.35     28.76   1369.90   6878.93
03:15:33 AM     66.22     37.46     28.76   9589.30   6873.58
03:15:36 AM     54.85     21.40     33.44   5479.60   8243.48
03:15:39 AM     44.82     16.05     28.76   4109.70   6878.93
03:15:42 AM     87.25     59.06     28.19  15119.46   6896.64
03:15:45 AM     22.74      0.00     22.74      0.00   5501.00
03:15:48 AM     34.00      5.33     28.67   1365.33   6858.67
03:15:51 AM     92.00     64.00     28.00  16384.00   6850.67
03:15:54 AM     44.67     10.67     34.00   2730.67   8224.00
03:15:57 AM     49.33     26.67     22.67   6826.67   5482.67
03:16:00 AM     61.41     32.21     29.19   8246.98   6904.70
03:16:03 AM     38.54     10.63     27.91   2721.59   6827.91
03:16:06 AM     82.27     53.51     28.76  13699.00   6878.93
03:16:09 AM     39.13     10.70     28.43   2739.80   6876.25
03:16:12 AM     44.00     21.33     22.67   5461.33   5482.67
03:16:15 AM     77.18     42.95     34.23  10995.97   8279.19
03:16:18 AM     28.57      0.00     28.57      0.00   6833.22
03:16:21 AM     81.61     53.51     28.09  13699.00   6873.58
03:16:24 AM     39.67     10.67     29.00   2730.67   6858.67
03:16:27 AM     81.61     53.51     28.09  13699.00   6873.58
03:16:30 AM     39.20     10.63     28.57   2721.59   6833.22
Average:       227.92    126.69    101.22  24647.96  24441.86
