Linux 4.2.2 (vm1_27) 	07/16/2017 	_x86_64_	(1 CPU)

05:32:45 AM       tps      rtps      wtps   bread/s   bwrtn/s
05:32:48 AM      0.33      0.00      0.33      0.00      2.67
05:32:51 AM      0.67      0.00      0.67      0.00     21.33
05:32:54 AM      0.00      0.00      0.00      0.00      0.00
05:32:57 AM      0.66      0.00      0.66      0.00      7.97
05:33:00 AM      0.00      0.00      0.00      0.00      0.00
05:33:03 AM      0.66      0.00      0.66      0.00      7.97
05:33:06 AM      0.00      0.00      0.00      0.00      0.00
05:33:09 AM      0.67      0.00      0.67      0.00     10.70
05:33:12 AM      0.33      0.00      0.33      0.00      2.67
05:33:15 AM      0.67      0.00      0.67      0.00      8.00
05:33:18 AM      0.33      0.00      0.33      0.00      2.66
05:33:21 AM      0.66      0.00      0.66      0.00     13.29
05:33:24 AM      2.67      0.00      2.67      0.00     21.33
05:33:27 AM      0.67      0.00      0.67      0.00     13.38
05:33:30 AM      0.00      0.00      0.00      0.00      0.00
05:33:33 AM      0.67      0.00      0.67      0.00      8.03
05:33:36 AM      0.00      0.00      0.00      0.00      0.00
05:33:39 AM      0.66      0.00      0.66      0.00      7.95
05:33:42 AM      0.00      0.00      0.00      0.00      0.00
05:33:45 AM      0.67      0.00      0.67      0.00      8.00
05:33:48 AM      0.00      0.00      0.00      0.00      0.00
05:33:51 AM      0.67      0.00      0.67      0.00      8.00
05:33:54 AM      0.33      0.00      0.33      0.00      2.66
05:33:57 AM      1.00      0.00      1.00      0.00     10.70
05:34:00 AM      0.00      0.00      0.00      0.00      0.00
05:34:03 AM      1.33      0.00      1.33      0.00     13.29
05:34:06 AM      0.00      0.00      0.00      0.00      0.00
05:34:09 AM      0.67      0.00      0.67      0.00     10.67
05:34:12 AM      0.00      0.00      0.00      0.00      0.00
05:34:15 AM      0.67      0.00      0.67      0.00      8.03
05:34:18 AM      0.00      0.00      0.00      0.00      0.00
05:34:21 AM      1.00      0.00      1.00      0.00     12.00
05:34:24 AM      0.00      0.00      0.00      0.00      0.00
05:34:27 AM      1.00      0.00      1.00      0.00     10.70
05:34:30 AM      0.00      0.00      0.00      0.00      0.00
05:34:33 AM      1.00      0.00      1.00      0.00     10.67
05:34:36 AM      0.00      0.00      0.00      0.00      0.00
05:34:39 AM      1.00      0.00      1.00      0.00     10.67
05:34:42 AM      0.00      0.00      0.00      0.00      0.00
05:34:45 AM      0.67      0.00      0.67      0.00      8.00
05:34:48 AM      0.00      0.00      0.00      0.00      0.00
05:34:51 AM      0.66      0.00      0.66      0.00      7.97
05:34:54 AM      0.00      0.00      0.00      0.00      0.00
05:34:57 AM      0.33      0.00      0.33      0.00      8.00
05:35:00 AM      0.33      0.00      0.33      0.00      0.00
05:35:03 AM      1.00      0.00      1.00      0.00     10.67
05:35:06 AM      0.00      0.00      0.00      0.00      0.00
05:35:09 AM      1.00      0.00      1.00      0.00     13.29
05:35:12 AM      0.33      0.00      0.33      0.00      2.67
05:35:15 AM      0.67      0.00      0.67      0.00      8.00
05:35:18 AM      0.00      0.00      0.00      0.00      0.00
05:35:21 AM      0.67      0.00      0.67      0.00      8.00
05:35:24 AM      0.00      0.00      0.00      0.00      0.00
05:35:27 AM      0.67      0.00      0.67      0.00      8.00
05:35:30 AM      0.00      0.00      0.00      0.00      0.00
05:35:33 AM      0.67      0.00      0.67      0.00      8.00
05:35:36 AM      0.00      0.00      0.00      0.00      0.00
05:35:39 AM      1.00      0.00      1.00      0.00     10.63
05:35:42 AM      0.33      0.00      0.33      0.00      2.66
05:35:45 AM      0.67      0.00      0.67      0.00      8.00
05:35:48 AM      2.99      0.00      2.99      0.00    233.89
05:35:51 AM      0.67      0.00      0.67      0.00     10.67
05:35:54 AM      0.00      0.00      0.00      0.00      0.00
05:35:57 AM      0.66      0.00      0.66      0.00      7.97
05:36:00 AM      0.00      0.00      0.00      0.00      0.00
05:36:03 AM      0.67      0.00      0.67      0.00     10.70
05:36:06 AM      0.00      0.00      0.00      0.00      0.00
05:36:09 AM      0.67      0.00      0.67      0.00     10.70
05:36:12 AM      0.66      0.00      0.66      0.00      5.32
05:36:15 AM      0.67      0.00      0.67      0.00     13.38
05:36:18 AM      0.33      0.00      0.33      0.00      2.66
05:36:21 AM      0.67      0.00      0.67      0.00      8.00
05:36:24 AM      1.67      0.00      1.67      0.00     13.33
05:36:27 AM      0.67      0.00      0.67      0.00      8.00
05:36:30 AM      0.00      0.00      0.00      0.00      0.00
05:36:33 AM      0.67      0.00      0.67      0.00      8.00
05:36:36 AM      0.00      0.00      0.00      0.00      0.00
05:36:39 AM      0.66      0.00      0.66      0.00      7.97
05:36:42 AM      0.00      0.00      0.00      0.00      0.00
05:36:45 AM      0.67      0.00      0.67      0.00      8.00
05:36:48 AM      0.33      0.00      0.33      0.00      2.67
05:36:51 AM      0.67      0.00      0.67      0.00      8.00
05:36:54 AM      0.33      0.00      0.33      0.00      2.67
05:36:57 AM      0.66      0.00      0.66      0.00      7.97
05:37:00 AM      0.00      0.00      0.00      0.00      0.00
05:37:03 AM      0.67      0.00      0.67      0.00      8.00
05:37:06 AM      0.00      0.00      0.00      0.00      0.00
05:37:09 AM      0.67      0.00      0.67      0.00     10.67
05:37:12 AM      0.00      0.00      0.00      0.00      0.00
05:37:15 AM      0.66      0.00      0.66      0.00      7.97
05:37:18 AM      0.00      0.00      0.00      0.00      0.00
05:37:21 AM      0.67      0.00      0.67      0.00      8.00
05:37:24 AM      0.33      0.00      0.33      0.00      2.67
05:37:27 AM      1.00      0.00      1.00      0.00     10.67
05:37:30 AM      0.00      0.00      0.00      0.00      0.00
05:37:33 AM      1.33      0.00      1.33      0.00     13.33
05:37:36 AM      0.00      0.00      0.00      0.00      0.00
05:37:39 AM      0.67      0.00      0.67      0.00      8.00
05:37:42 AM      0.00      0.00      0.00      0.00      0.00
05:37:45 AM      0.67      0.00      0.67      0.00      8.00
05:37:48 AM      0.00      0.00      0.00      0.00      0.00
05:37:51 AM      0.67      0.00      0.67      0.00      8.03
05:37:54 AM      0.00      0.00      0.00      0.00      0.00
05:37:57 AM      0.66      0.00      0.66      0.00      7.97
05:38:00 AM      1.00      0.00      1.00      0.00      7.97
05:38:03 AM      0.67      0.00      0.67      0.00     13.33
05:38:06 AM      0.00      0.00      0.00      0.00      0.00
05:38:09 AM      0.67      0.00      0.67      0.00     10.67
05:38:12 AM      0.00      0.00      0.00      0.00      0.00
05:38:15 AM      1.67      0.00      1.67      0.00     16.00
Average:         0.49      0.00      0.49      0.00      7.70
