Linux 4.2.2 (vm2_114) 	07/18/2017 	_x86_64_	(1 CPU)

09:08:33 AM       tps      rtps      wtps   bread/s   bwrtn/s
09:08:36 AM      1.33      1.33      0.00     85.33      0.00
09:08:39 AM      0.66      0.00      0.66      0.00     21.26
09:08:42 AM      0.00      0.00      0.00      0.00      0.00
09:08:45 AM      1.00      0.00      1.00      0.00     10.70
09:08:48 AM      0.00      0.00      0.00      0.00      0.00
09:08:51 AM      0.67      0.00      0.67      0.00     10.70
09:08:54 AM      0.00      0.00      0.00      0.00      0.00
09:08:57 AM      0.67      0.00      0.67      0.00      8.00
09:09:00 AM      0.00      0.00      0.00      0.00      0.00
09:09:03 AM      0.67      0.00      0.67      0.00      8.00
09:09:06 AM      0.67      0.33      0.33      2.67      2.67
09:09:09 AM      0.67      0.00      0.67      0.00     13.38
09:09:12 AM      2.99      0.33      2.66      2.66     21.26
09:09:15 AM      0.67      0.00      0.67      0.00     13.38
09:09:18 AM      0.00      0.00      0.00      0.00      0.00
09:09:21 AM      0.67      0.00      0.67      0.00      8.00
09:09:24 AM      0.00      0.00      0.00      0.00      0.00
09:09:27 AM      0.67      0.00      0.67      0.00      8.00
09:09:30 AM      0.00      0.00      0.00      0.00      0.00
09:09:33 AM      0.66      0.00      0.66      0.00      7.97
09:09:36 AM      0.00      0.00      0.00      0.00      0.00
09:09:39 AM      0.67      0.00      0.67      0.00      8.03
09:09:42 AM      0.66      0.00      0.66      0.00      5.32
09:09:45 AM      0.67      0.00      0.67      0.00      8.00
09:09:48 AM      0.00      0.00      0.00      0.00      0.00
09:09:51 AM      1.33      0.00      1.33      0.00     16.00
09:09:54 AM      0.00      0.00      0.00      0.00      0.00
09:09:57 AM      0.67      0.00      0.67      0.00      8.03
09:10:00 AM      0.00      0.00      0.00      0.00      0.00
09:10:03 AM     15.67     15.33      0.33    354.67      8.00
09:10:06 AM     23.00     22.67      0.33    546.67      0.00
09:10:09 AM     28.57     27.57      1.00    257.81     29.24
09:10:12 AM      0.00      0.00      0.00      0.00      0.00
09:10:15 AM      1.33      0.00      1.33      0.00     15.95
09:10:18 AM      0.00      0.00      0.00      0.00      0.00
09:10:21 AM      0.67      0.00      0.67      0.00      8.00
09:10:24 AM      0.00      0.00      0.00      0.00      0.00
09:10:27 AM      3.01      0.00      3.01      0.00     26.76
09:10:30 AM      0.00      0.00      0.00      0.00      0.00
09:10:33 AM      0.66      0.00      0.66      0.00      7.97
09:10:36 AM      0.00      0.00      0.00      0.00      0.00
09:10:39 AM      0.67      0.00      0.67      0.00      8.03
09:10:42 AM      1.00      0.00      1.00      0.00      7.97
09:10:45 AM      0.33      0.00      0.33      0.00     18.73
09:10:48 AM      0.33      0.00      0.33      0.00      0.00
09:10:51 AM      1.33      0.00      1.33      0.00     15.95
09:10:54 AM      0.00      0.00      0.00      0.00      0.00
09:10:57 AM      0.67      0.00      0.67      0.00      8.00
09:11:00 AM      1.66      0.00      1.66      0.00     13.29
09:11:03 AM      0.67      0.00      0.67      0.00      8.03
09:11:06 AM      0.00      0.00      0.00      0.00      0.00
09:11:09 AM      0.66      0.00      0.66      0.00      7.95
09:11:12 AM      0.00      0.00      0.00      0.00      0.00
09:11:15 AM      0.66      0.00      0.66      0.00      7.97
09:11:18 AM      0.00      0.00      0.00      0.00      0.00
09:11:21 AM      0.67      0.00      0.67      0.00      8.00
09:11:24 AM      0.00      0.00      0.00      0.00      0.00
09:11:27 AM      1.34      0.00      1.34      0.00     13.38
09:11:30 AM      0.00      0.00      0.00      0.00      0.00
09:11:33 AM      0.67      0.00      0.67      0.00      8.00
09:11:36 AM      0.00      0.00      0.00      0.00      0.00
09:11:41 AM    172.32     47.23    125.09   1339.79  25397.92
09:11:43 AM     39.09     38.18      0.91    923.64      0.00
09:11:46 AM     31.67     31.33      0.33   1141.33      5.33
09:11:49 AM     14.29     13.95      0.33    231.23      2.66
09:11:52 AM     38.13     37.79      0.33    604.68     10.70
09:11:55 AM     14.67     14.33      0.33    125.33      0.00
09:11:58 AM     12.62     12.29      0.33     98.34      7.97
09:12:01 AM     13.67     13.33      0.33    109.33      0.00
09:12:04 AM     29.67     29.00      0.67    330.67      8.00
09:12:07 AM     12.33     12.33      0.00    106.67      0.00
09:12:10 AM     14.33     13.67      0.67    216.00      8.00
09:12:13 AM     14.67     14.33      0.33    114.67      2.67
09:12:16 AM     15.95     14.62      1.33    127.57     13.29
09:12:19 AM     13.00     13.00      0.00    104.00      0.00
09:12:22 AM     12.71     12.04      0.67    107.02     13.38
09:12:25 AM     14.33     14.33      0.00    114.67      0.00
09:12:28 AM     14.33     12.67      1.67    120.00     16.00
09:12:31 AM     13.33     13.33      0.00    106.67      0.00
09:12:34 AM     13.95     13.29      0.66    106.31      7.97
09:12:37 AM     13.71     13.71      0.00    120.40      0.00
09:12:40 AM     33.67     33.00      0.67    930.67      8.00
09:12:43 AM     16.00     16.00      0.00    565.33      0.00
09:12:46 AM     15.61     14.62      1.00    135.55     13.29
09:12:49 AM     13.38     12.71      0.67    109.70      8.03
09:12:52 AM     14.67     14.33      0.33    208.00      2.67
09:12:55 AM     15.33     15.00      0.33    120.00     10.67
09:12:58 AM     15.00     14.67      0.33    117.33      0.00
09:13:01 AM     12.62     11.96      0.66    101.00      7.97
09:13:04 AM     13.33     13.33      0.00    117.33      0.00
09:13:07 AM     14.29     13.62      0.66    108.97      7.97
09:13:10 AM     15.72     15.72      0.00    136.45      0.00
09:13:13 AM     14.33     13.33      1.00    117.33     10.67
09:13:16 AM     15.67     15.67      0.00    125.33      0.00
09:13:19 AM     16.00     15.33      0.67    128.00      8.00
09:13:22 AM     14.67     14.33      0.33    114.67      2.67
09:13:25 AM     16.33     15.67      0.67    125.33      8.00
09:13:28 AM     17.33     17.00      0.33    136.00      2.67
09:13:31 AM     17.67     17.00      0.67    146.67      8.00
09:13:34 AM     15.33     15.33      0.00    128.00      0.00
09:13:37 AM     14.33     13.67      0.67    120.00      8.00
09:13:40 AM     17.67     17.67      0.00    146.67      0.00
09:13:43 AM     15.33     14.67      0.67    117.33      8.00
09:13:46 AM     15.33     15.33      0.00    149.33      0.00
09:13:49 AM     17.33     16.67      0.67    133.33      8.00
09:13:52 AM     18.67     18.00      0.67    165.33      5.33
09:13:55 AM     17.61     16.94      0.66    148.84     15.95
09:13:58 AM     17.67     17.67      0.00    152.00      0.00
09:14:01 AM     15.67     14.67      1.00    130.67     10.67
09:14:04 AM     14.67     14.67      0.00    117.33      0.00
Average:        11.10      8.44      2.66    119.72    449.43
