Linux 4.2.2 (vm2_114) 	07/18/2017 	_x86_64_	(1 CPU)

08:48:33 AM       tps      rtps      wtps   bread/s   bwrtn/s
08:48:36 AM      1.66      1.66      0.00    143.52      0.00
08:48:39 AM      2.66      0.00      2.66      0.00     37.21
08:48:42 AM      0.00      0.00      0.00      0.00      0.00
08:48:45 AM      0.66      0.00      0.66      0.00     10.63
08:48:48 AM      0.00      0.00      0.00      0.00      0.00
08:48:51 AM      0.67      0.00      0.67      0.00     10.67
08:48:54 AM      0.33      0.00      0.33      0.00      0.00
08:48:57 AM      0.33      0.00      0.33      0.00      5.33
08:49:00 AM      0.33      0.00      0.33      0.00      2.67
08:49:03 AM      0.33      0.00      0.33      0.00      7.97
08:49:06 AM      0.67      0.00      0.67      0.00      2.67
08:49:09 AM      1.00      0.00      1.00      0.00     21.33
08:49:12 AM      0.00      0.00      0.00      0.00      0.00
08:49:15 AM      0.33      0.00      0.33      0.00      7.97
08:49:18 AM      0.33      0.00      0.33      0.00      0.00
08:49:21 AM      1.67      0.00      1.67      0.00     21.33
08:49:24 AM      0.33      0.00      0.33      0.00      0.00
08:49:27 AM      0.33      0.00      0.33      0.00      7.97
08:49:30 AM      0.33      0.00      0.33      0.00      0.00
08:49:33 AM      0.33      0.00      0.33      0.00      7.97
08:49:36 AM      0.33      0.00      0.33      0.00      0.00
08:49:39 AM      1.00      0.00      1.00      0.00     10.63
08:49:42 AM      0.00      0.00      0.00      0.00      0.00
08:49:45 AM      0.67      0.00      0.67      0.00     10.67
08:49:48 AM      0.33      0.00      0.33      0.00      2.66
08:49:51 AM      0.67      0.00      0.67      0.00      8.00
08:49:54 AM      0.00      0.00      0.00      0.00      0.00
08:49:57 AM      0.67      0.00      0.67      0.00      8.00
08:50:00 AM      0.00      0.00      0.00      0.00      0.00
08:50:03 AM      4.67      4.33      0.33    266.67      8.00
08:50:06 AM     32.67     32.33      0.33    392.00      0.00
08:50:09 AM     31.33     29.33      2.00    512.00     50.67
08:50:12 AM      0.00      0.00      0.00      0.00      0.00
08:50:15 AM      3.36      0.00      3.36      0.00     32.21
08:50:18 AM      0.00      0.00      0.00      0.00      0.00
08:50:21 AM      1.00      0.00      1.00      0.00     10.67
08:50:24 AM      0.00      0.00      0.00      0.00      0.00
08:50:27 AM      0.33      0.00      0.33      0.00      8.00
08:50:30 AM      0.33      0.00      0.33      0.00      0.00
08:50:33 AM      0.67      0.00      0.67      0.00      8.03
08:50:36 AM      0.00      0.00      0.00      0.00      0.00
08:50:39 AM      1.33      0.00      1.33      0.00     13.33
08:50:42 AM      0.00      0.00      0.00      0.00      0.00
08:50:45 AM      0.33      0.00      0.33      0.00      7.97
08:50:48 AM      0.33      0.00      0.33      0.00      2.68
08:50:51 AM      1.33      0.00      1.33      0.00     16.00
08:50:54 AM      0.66      0.00      0.66      0.00      2.66
08:50:57 AM      0.33      0.00      0.33      0.00      8.00
08:51:00 AM      0.33      0.00      0.33      0.00      0.00
08:51:03 AM      0.33      0.00      0.33      0.00      8.00
08:51:06 AM      0.33      0.00      0.33      0.00      0.00
08:51:09 AM      0.67      0.00      0.67      0.00      8.00
08:51:12 AM      0.00      0.00      0.00      0.00      0.00
08:51:15 AM      0.33      0.00      0.33      0.00      8.03
08:51:18 AM      0.33      0.00      0.33      0.00      0.00
08:51:21 AM      0.67      0.00      0.67      0.00      8.03
08:51:24 AM      0.33      0.00      0.33      0.00      2.67
08:51:27 AM      0.33      0.00      0.33      0.00      7.97
08:51:30 AM      0.67      0.00      0.67      0.00      2.67
08:51:33 AM      0.33      0.00      0.33      0.00      5.33
08:51:36 AM      0.33      0.00      0.33      0.00      2.67
08:51:43 AM    203.92     46.34    157.58   1314.95  33588.12
08:51:48 AM     65.97     65.62      0.35   1052.78      8.33
08:51:51 AM     65.10     64.77      0.34    824.16      2.68
08:51:54 AM     53.85     53.51      0.33    626.09      5.35
08:51:57 AM     46.49     46.15      0.33    647.49      2.68
08:52:00 AM     73.24     72.91      0.33    901.67      8.03
08:52:03 AM     49.00     48.67      0.33    813.33      0.00
08:52:06 AM     33.00     32.67      0.33    421.33      8.00
08:52:09 AM     22.67     22.33      0.33    282.67      0.00
08:52:12 AM     26.33     25.33      1.00    213.33     10.67
08:52:15 AM     24.58     24.58      0.00    207.31      0.00
08:52:18 AM     25.33     24.33      1.00    194.67     10.67
08:52:21 AM     26.76     26.76      0.00    214.05      0.00
08:52:24 AM     24.00     22.67      1.33    192.00     18.67
08:52:27 AM     25.58     25.58      0.00    204.65      0.00
08:52:30 AM     27.42     26.76      0.67    214.05      8.03
08:52:33 AM     25.91     25.91      0.00    207.31      0.00
08:52:36 AM     25.08     24.41      0.67    206.02      8.03
08:52:39 AM     27.33     27.33      0.00    530.67      0.00
08:52:42 AM     28.33     27.67      0.67    904.00     10.67
08:52:45 AM     27.00     27.00      0.00    216.00      0.00
08:52:48 AM     25.33     24.67      0.67    218.67     10.67
08:52:51 AM     25.58     25.58      0.00    204.65      0.00
08:52:54 AM     25.42     24.41      1.00    216.72     10.70
08:52:57 AM     27.33     26.00      1.33    208.00     10.67
08:53:00 AM     25.00     24.33      0.67    205.33      8.00
08:53:03 AM     26.33     26.33      0.00    229.33      0.00
08:53:06 AM     27.91     27.24      0.66    228.57      7.97
08:53:09 AM     25.33     25.33      0.00    202.67      0.00
08:53:12 AM     22.33     21.67      0.67    192.00      8.00
08:53:15 AM     24.33     24.33      0.00    208.00      0.00
08:53:18 AM     27.09     26.42      0.67    211.37      8.03
08:53:21 AM     24.58     24.58      0.00    217.94      0.00
08:53:24 AM     23.67     23.00      0.67    202.67      8.00
08:53:27 AM     26.00     25.67      0.33    205.33      2.67
08:53:30 AM     26.33     25.67      0.67    205.33      8.00
08:53:33 AM     26.42     26.09      0.33    219.40      2.68
08:53:36 AM     27.24     26.58      0.66    225.91      7.97
08:53:39 AM     25.67     25.67      0.00    224.00      0.00
08:53:42 AM     23.67     23.00      0.67    197.33      8.00
08:53:45 AM     27.76     27.76      0.00    232.78      0.00
08:53:48 AM     25.25     24.58      0.66    196.68     10.63
08:53:51 AM     23.67     23.67      0.00    200.00      0.00
08:53:54 AM     25.67     25.00      0.67    200.00      8.00
08:53:57 AM     25.00     25.00      0.00    210.67      0.00
08:54:00 AM     22.33     21.67      0.67    173.33      8.00
08:54:03 AM     27.33     26.67      0.67    224.00      5.33
08:54:06 AM     25.00     24.33      0.67    202.67     13.33
08:54:09 AM     24.58     24.25      0.33    223.26      2.66
Average:        19.38     14.49      4.89    181.55    947.54
