Linux 4.2.2 (vm2_114) 	07/18/2017 	_x86_64_	(1 CPU)

09:15:12 AM       tps      rtps      wtps   bread/s   bwrtn/s
09:15:15 AM     24.92     24.92      0.00    497.01      0.00
09:15:18 AM      0.67      0.00      0.67      0.00     21.40
09:15:21 AM      0.00      0.00      0.00      0.00      0.00
09:15:24 AM      0.66      0.00      0.66      0.00      7.95
09:15:27 AM      0.33      0.00      0.33      0.00      2.68
09:15:30 AM      0.67      0.00      0.67      0.00      8.00
09:15:33 AM      0.00      0.00      0.00      0.00      0.00
09:15:36 AM      0.67      0.00      0.67      0.00      8.00
09:15:39 AM      0.00      0.00      0.00      0.00      0.00
09:15:42 AM      0.67      0.00      0.67      0.00      8.00
09:15:45 AM      0.00      0.00      0.00      0.00      0.00
09:15:48 AM      1.34      0.00      1.34      0.00     24.08
09:15:51 AM      2.33      0.00      2.33      0.00     21.33
09:15:54 AM      0.67      0.00      0.67      0.00     10.67
09:15:57 AM      0.00      0.00      0.00      0.00      0.00
09:16:00 AM      0.67      0.00      0.67      0.00      8.00
09:16:03 AM      0.00      0.00      0.00      0.00      0.00
09:16:06 AM      0.66      0.00      0.66      0.00      7.97
09:16:09 AM      0.00      0.00      0.00      0.00      0.00
09:16:12 AM      0.66      0.00      0.66      0.00      7.97
09:16:15 AM      0.00      0.00      0.00      0.00      0.00
09:16:18 AM      0.66      0.00      0.66      0.00      7.97
09:16:21 AM      0.67      0.00      0.67      0.00      5.35
09:16:24 AM      0.66      0.00      0.66      0.00      7.97
09:16:27 AM      0.33      0.00      0.33      0.00      2.67
09:16:30 AM      0.67      0.00      0.67      0.00      8.00
09:16:33 AM      0.00      0.00      0.00      0.00      0.00
09:16:36 AM      0.67      0.00      0.67      0.00      8.00
09:16:39 AM      0.00      0.00      0.00      0.00      0.00
09:16:42 AM      0.67      0.00      0.67      0.00      8.00
09:16:45 AM      0.00      0.00      0.00      0.00      0.00
09:16:48 AM      0.67      0.00      0.67      0.00      8.03
09:16:51 AM      0.00      0.00      0.00      0.00      0.00
09:16:54 AM      0.66      0.00      0.66      0.00     10.63
09:16:57 AM      0.67      0.00      0.67      0.00      5.33
09:17:00 AM      0.67      0.00      0.67      0.00      8.00
09:17:03 AM      0.33      0.00      0.33      0.00      2.67
09:17:06 AM      0.67      0.00      0.67      0.00      8.00
09:17:09 AM      0.00      0.00      0.00      0.00      0.00
09:17:12 AM      0.67      0.00      0.67      0.00      8.03
09:17:15 AM      0.00      0.00      0.00      0.00      0.00
09:17:18 AM      0.67      0.00      0.67      0.00      8.00
09:17:21 AM      0.00      0.00      0.00      0.00      0.00
09:17:24 AM      0.66      0.00      0.66      0.00      7.97
09:17:27 AM      0.00      0.00      0.00      0.00      0.00
09:17:30 AM      0.67      0.00      0.67      0.00      8.00
09:17:33 AM      0.67      0.00      0.67      0.00      5.33
09:17:36 AM      1.00      0.00      1.00      0.00     10.67
09:17:39 AM      0.00      0.00      0.00      0.00      0.00
09:17:42 AM      0.67      0.00      0.67      0.00     10.67
09:17:45 AM      0.00      0.00      0.00      0.00      0.00
09:17:48 AM      0.67      0.00      0.67      0.00      8.00
09:17:51 AM      0.00      0.00      0.00      0.00      0.00
09:17:54 AM      0.66      0.00      0.66      0.00     10.63
09:17:57 AM      0.00      0.00      0.00      0.00      0.00
09:18:00 AM      0.67      0.00      0.67      0.00      8.03
09:18:03 AM      0.00      0.00      0.00      0.00      0.00
09:18:06 AM      1.34      0.00      1.34      0.00     13.38
09:18:09 AM      0.00      0.00      0.00      0.00      0.00
09:18:12 AM      0.66      0.00      0.66      0.00      7.97
09:18:15 AM      0.00      0.00      0.00      0.00      0.00
09:18:20 AM    160.38     58.81    101.57   1550.94  21861.64
09:18:23 AM     34.52     34.52      0.00    761.90      0.00
09:18:26 AM     36.00     36.00      0.00    840.00      0.00
09:18:29 AM     70.33     69.67      0.67    709.33      8.00
09:18:32 AM     41.00     40.33      0.67    322.67      8.00
09:18:35 AM     39.53     39.53      0.00    316.28      0.00
09:18:38 AM     23.33     22.67      0.67    181.33      8.00
09:18:41 AM     30.33     30.33      0.00    242.67      0.00
09:18:44 AM     29.67     29.00      0.67    248.00      8.00
09:18:47 AM     26.33     26.33      0.00    221.33      0.00
09:18:50 AM     34.11     33.44      0.67    374.58      8.03
09:18:53 AM     51.67     51.33      0.33    581.33      2.67
09:18:56 AM     17.67     16.33      1.33    130.67     16.00
09:18:59 AM     18.33     18.33      0.00    157.33      0.00
09:19:02 AM     21.59     20.93      0.66    249.83     13.29
09:19:05 AM     22.41     22.41      0.00    189.97      0.00
09:19:08 AM     21.67     21.00      0.67    250.67      8.00
09:19:11 AM     17.94     17.94      0.00    154.15      0.00
09:19:14 AM     21.26     20.60      0.66    164.78      7.97
09:19:17 AM     21.40     21.07      0.33    168.56     56.19
09:19:20 AM     33.89     33.22      0.66    486.38      7.97
09:19:23 AM     39.13     28.43     10.70    837.46   2504.35
09:19:26 AM     21.59     19.60      1.99    162.13     18.60
09:19:29 AM     23.67     23.67      0.00    189.33      0.00
09:19:32 AM     26.09     25.08      1.00    208.70     10.70
09:19:35 AM     23.00     23.00      0.00    184.00      0.00
09:19:38 AM     22.33     21.67      0.67    184.00      8.00
09:19:41 AM     24.67     24.67      0.00    208.00      0.00
09:19:44 AM     25.67     24.67      1.00    197.33     88.00
09:19:47 AM     22.67     22.67      0.00    192.00      0.00
09:19:50 AM     25.00     24.33      0.67    194.67      8.00
09:19:53 AM     21.33     21.33      0.00    184.00      0.00
09:19:56 AM     24.25     23.59      0.66    188.70     10.63
09:19:59 AM     23.75     23.75      0.00    189.97      0.00
09:20:02 AM     32.67     23.33      9.33    186.67   1813.33
09:20:05 AM     37.00     37.00      0.00    528.00      0.00
09:20:08 AM     39.20     38.21      1.00    470.43     10.63
09:20:11 AM     42.81     36.79      6.02    363.88   1292.31
09:20:14 AM     44.52     43.19      1.33    446.51     21.26
09:20:17 AM     44.82     44.15      0.67    802.68     18.73
09:20:20 AM     59.00     27.00     32.00    477.33   7573.33
09:20:23 AM     25.83     25.83      0.00    304.64      0.00
09:20:26 AM     18.39     17.73      0.67    147.16     13.38
09:20:29 AM     25.33     25.33      0.00    202.67      0.00
09:20:32 AM     26.00     25.33      0.67    218.67      8.00
09:20:35 AM     28.00     28.00      0.00    234.67      0.00
09:20:38 AM     28.67     27.33      1.33    221.33     18.67
09:20:41 AM     27.67     27.33      0.33    218.67      2.67
09:20:44 AM     28.33     27.67      0.67    221.33      8.00
Average:        16.41     13.50      2.91    164.40    545.58
