Linux 4.2.2 (vm2_114) 	07/18/2017 	_x86_64_	(1 CPU)

09:55:09 AM       tps      rtps      wtps   bread/s   bwrtn/s
09:55:12 AM      2.66      1.99      0.66    228.57      5.32
09:55:15 AM      0.67      0.00      0.67      0.00     21.40
09:55:18 AM      0.00      0.00      0.00      0.00      0.00
09:55:21 AM      0.67      0.00      0.67      0.00      8.00
09:55:24 AM      0.33      0.00      0.33      0.00      2.67
09:55:27 AM      0.67      0.00      0.67      0.00      8.00
09:55:30 AM      0.00      0.00      0.00      0.00      0.00
09:55:33 AM      0.67      0.00      0.67      0.00      8.00
09:55:36 AM      0.00      0.00      0.00      0.00      0.00
09:55:39 AM      0.67      0.00      0.67      0.00      8.00
09:55:42 AM      0.33      0.00      0.33      0.00      2.67
09:55:45 AM      0.67      0.00      0.67      0.00     13.33
09:55:48 AM      2.33      0.00      2.33      0.00     18.67
09:55:51 AM      0.67      0.00      0.67      0.00     13.33
09:55:54 AM      0.00      0.00      0.00      0.00      0.00
09:55:57 AM      0.66      0.00      0.66      0.00      7.97
09:56:00 AM      0.00      0.00      0.00      0.00      0.00
09:56:03 AM      0.67      0.00      0.67      0.00     10.70
09:56:06 AM      0.00      0.00      0.00      0.00      0.00
09:56:09 AM      0.67      0.00      0.67      0.00      8.03
09:56:12 AM      0.00      0.00      0.00      0.00      0.00
09:56:15 AM      0.66      0.00      0.66      0.00      7.97
09:56:18 AM      0.33      0.00      0.33      0.00      2.67
09:56:21 AM      0.67      0.00      0.67      0.00      8.03
09:56:24 AM      1.33      0.00      1.33      0.00     10.63
09:56:27 AM      0.67      0.00      0.67      0.00      8.00
09:56:30 AM      0.00      0.00      0.00      0.00      0.00
09:56:33 AM      0.67      0.00      0.67      0.00      8.00
09:56:36 AM      0.00      0.00      0.00      0.00      0.00
09:56:39 AM      0.67      0.00      0.67      0.00      8.00
09:56:42 AM      0.00      0.00      0.00      0.00      0.00
09:56:45 AM      0.67      0.00      0.67      0.00      8.00
09:56:48 AM      0.00      0.00      0.00      0.00      0.00
09:56:51 AM      0.67      0.00      0.67      0.00      8.00
09:56:54 AM      0.33      0.00      0.33      0.00      2.68
09:56:57 AM      1.32      0.00      1.32      0.00     13.25
09:57:00 AM      0.00      0.00      0.00      0.00      0.00
09:57:03 AM      0.67      0.00      0.67      0.00     10.70
09:57:06 AM      0.00      0.00      0.00      0.00      0.00
09:57:09 AM      0.67      0.00      0.67      0.00      8.00
09:57:12 AM      0.00      0.00      0.00      0.00      0.00
09:57:15 AM      0.67      0.00      0.67      0.00      8.00
09:57:18 AM      0.00      0.00      0.00      0.00      0.00
09:57:21 AM      0.66      0.00      0.66      0.00      7.97
09:57:24 AM      0.00      0.00      0.00      0.00      0.00
09:57:27 AM      1.00      0.00      1.00      0.00     10.67
09:57:30 AM      0.00      0.00      0.00      0.00      0.00
09:57:33 AM      1.00      0.00      1.00      0.00     10.67
09:57:36 AM      0.00      0.00      0.00      0.00      0.00
09:57:39 AM      1.00      0.00      1.00      0.00     13.33
09:57:42 AM      0.00      0.00      0.00      0.00      0.00
09:57:45 AM      0.66      0.00      0.66      0.00      7.97
09:57:48 AM      0.00      0.00      0.00      0.00      0.00
09:57:51 AM      0.67      0.00      0.67      0.00      8.00
09:57:54 AM      0.00      0.00      0.00      0.00      0.00
09:57:57 AM      0.67      0.00      0.67      0.00      8.00
09:58:00 AM      0.00      0.00      0.00      0.00      0.00
09:58:03 AM      1.00      0.00      1.00      0.00     13.33
09:58:06 AM      0.00      0.00      0.00      0.00      0.00
09:58:09 AM      1.00      0.00      1.00      0.00     10.67
09:58:12 AM      0.33      0.00      0.33      0.00      2.67
09:58:17 AM    332.93    136.73    196.21   2344.11  38663.47
09:58:19 AM     32.09     31.55      0.53    821.39      0.00
09:58:22 AM     37.67     37.33      0.33    632.00      8.00
09:58:25 AM     16.33     16.00      0.33    138.67      0.00
09:58:28 AM     13.62     12.96      0.66    103.65      7.97
09:58:31 AM     13.71     13.71      0.00    109.70      0.00
09:58:34 AM     15.28     14.62      0.66    116.94      7.97
09:58:37 AM     12.33     12.33      0.00     98.67      0.00
09:58:40 AM     14.38     13.71      0.67    123.08      8.03
09:58:43 AM     18.91     18.91      0.00    155.22      0.00
09:58:46 AM     13.00     12.00      1.00    106.67     10.67
09:58:49 AM      9.36      9.36      0.00     85.62      0.00
09:58:52 AM     14.33     13.00      1.33    104.00     13.33
09:58:55 AM     11.96     11.96      0.00     95.68      0.00
09:58:58 AM     12.33     11.67      0.67     93.33     13.33
09:59:01 AM     10.00     10.00      0.00     90.67      0.00
09:59:04 AM     27.00     26.33      0.67    557.33      8.00
09:59:07 AM     24.33     24.33      0.00    429.33      0.00
09:59:10 AM     12.67     12.00      0.67     98.67     10.67
09:59:13 AM     11.37     11.37      0.00     99.00      0.00
09:59:16 AM     16.94     16.28      0.66    345.51      7.97
09:59:19 AM     15.00     15.00      0.00    738.67      0.00
09:59:22 AM     13.33     12.33      1.00    248.00     10.67
09:59:25 AM     11.33     11.33      0.00     90.67      0.00
09:59:28 AM     13.00     12.00      1.00     96.00     10.67
09:59:31 AM     12.33     12.33      0.00     98.67      0.00
09:59:34 AM     14.00     12.33      1.67     98.67     16.00
09:59:37 AM     12.00     12.00      0.00    106.67      0.00
09:59:40 AM     13.00     12.33      0.67     98.67      8.00
09:59:43 AM     12.67     12.67      0.00    101.33      0.00
09:59:46 AM     12.62     11.96      0.66    106.31      7.97
09:59:49 AM     12.00     12.00      0.00     96.00      0.00
09:59:52 AM     12.62     11.63      1.00     93.02     10.63
09:59:55 AM     12.00     12.00      0.00     96.00      0.00
09:59:58 AM     10.67     10.00      0.67     90.67      8.00
10:00:01 AM     15.00     15.00      0.00    120.00      0.00
10:00:04 AM     15.28     14.29      1.00    236.54     10.63
10:00:07 AM     27.42     27.42      0.00    315.72      0.00
10:00:10 AM     25.33     24.67      0.67    320.00     10.67
10:00:13 AM     15.67     15.67      0.00    200.00      0.00
10:00:16 AM     23.33     22.67      0.67    197.33      8.00
10:00:19 AM     15.00     15.00      0.00    152.00      0.00
10:00:22 AM     28.24     26.91      1.33    348.17     15.95
10:00:25 AM     24.08     24.08      0.00    770.57      0.00
10:00:28 AM     44.67     44.00      0.67    440.00     18.67
10:00:31 AM     13.67     12.67      1.00    101.33     24.00
10:00:34 AM      8.67      8.67      0.00     69.33      0.00
10:00:37 AM     11.63     10.63      1.00     85.05     13.29
10:00:40 AM     12.00     12.00      0.00    106.67      0.00
Average:        12.39      8.96      3.43    125.56    592.57
