Linux 4.2.2 (vm2_114) 	07/18/2017 	_x86_64_	(1 CPU)

09:35:11 AM       tps      rtps      wtps   bread/s   bwrtn/s
09:35:14 AM     15.38     15.05      0.33    511.04      2.68
09:35:17 AM      0.66      0.00      0.66      0.00     21.26
09:35:20 AM      0.00      0.00      0.00      0.00      0.00
09:35:23 AM      1.00      0.00      1.00      0.00     10.67
09:35:26 AM      0.00      0.00      0.00      0.00      0.00
09:35:29 AM      0.67      0.00      0.67      0.00      8.00
09:35:32 AM      0.00      0.00      0.00      0.00      0.00
09:35:35 AM      0.67      0.00      0.67      0.00      8.00
09:35:38 AM      0.00      0.00      0.00      0.00      0.00
09:35:41 AM      0.67      0.00      0.67      0.00      8.00
09:35:44 AM      0.33      0.00      0.33      0.00      2.67
09:35:47 AM      2.33      0.00      2.33      0.00     32.00
09:35:50 AM      0.00      0.00      0.00      0.00      0.00
09:35:53 AM      0.67      0.00      0.67      0.00      8.00
09:35:56 AM      0.00      0.00      0.00      0.00      0.00
09:35:59 AM      0.67      0.00      0.67      0.00     10.67
09:36:02 AM      0.00      0.00      0.00      0.00      0.00
09:36:05 AM      0.67      0.00      0.67      0.00      8.00
09:36:08 AM      0.00      0.00      0.00      0.00      0.00
09:36:11 AM      0.66      0.00      0.66      0.00      7.97
09:36:14 AM      0.00      0.00      0.00      0.00      0.00
09:36:17 AM      1.00      0.00      1.00      0.00     10.67
09:36:20 AM      0.00      0.00      0.00      0.00      0.00
09:36:23 AM      1.99      0.00      1.99      0.00     23.92
09:36:26 AM      0.33      0.00      0.33      0.00      0.00
09:36:29 AM      0.66      0.00      0.66      0.00      7.97
09:36:32 AM      0.00      0.00      0.00      0.00      0.00
09:36:35 AM      0.67      0.00      0.67      0.00      8.00
09:36:38 AM      0.00      0.00      0.00      0.00      0.00
09:36:41 AM      0.67      0.00      0.67      0.00      8.00
09:36:44 AM      0.00      0.00      0.00      0.00      0.00
09:36:47 AM      0.67      0.00      0.67      0.00      8.00
09:36:50 AM      0.00      0.00      0.00      0.00      0.00
09:36:53 AM      1.00      0.00      1.00      0.00     10.67
09:36:56 AM      0.00      0.00      0.00      0.00      0.00
09:36:59 AM      1.00      0.00      1.00      0.00     13.29
09:37:02 AM      0.00      0.00      0.00      0.00      0.00
09:37:05 AM      0.66      0.00      0.66      0.00      7.97
09:37:08 AM      0.00      0.00      0.00      0.00      0.00
09:37:11 AM      0.66      0.00      0.66      0.00      7.97
09:37:14 AM      0.00      0.00      0.00      0.00      0.00
09:37:17 AM      0.67      0.00      0.67      0.00      8.00
09:37:20 AM      0.00      0.00      0.00      0.00      0.00
09:37:23 AM      0.33      0.00      0.33      0.00      5.33
09:37:26 AM      0.33      0.00      0.33      0.00      2.67
09:37:29 AM      1.00      0.00      1.00      0.00     10.67
09:37:32 AM      0.67      0.00      0.67      0.00      5.33
09:37:35 AM      0.67      0.00      0.67      0.00      8.00
09:37:38 AM      0.00      0.00      0.00      0.00      0.00
09:37:41 AM      0.66      0.00      0.66      0.00     10.63
09:37:44 AM      0.00      0.00      0.00      0.00      0.00
09:37:47 AM      0.66      0.00      0.66      0.00      7.97
09:37:50 AM      0.00      0.00      0.00      0.00      0.00
09:37:53 AM      0.67      0.00      0.67      0.00      8.00
09:37:56 AM      0.00      0.00      0.00      0.00      0.00
09:37:59 AM      0.67      0.00      0.67      0.00     10.67
09:38:02 AM      0.33      0.00      0.33      0.00      2.67
09:38:05 AM      0.67      0.00      0.67      0.00      8.00
09:38:08 AM      0.66      0.00      0.66      0.00      5.32
09:38:11 AM      0.67      0.00      0.67      0.00      8.00
09:38:14 AM      0.00      0.00      0.00      0.00      0.00
09:38:17 AM    280.65    115.67    164.98   2423.96  31415.67
09:38:20 AM     67.02     66.49      0.53   1544.68      0.00
09:38:23 AM     57.33     56.67      0.67    506.67      8.00
09:38:26 AM     21.67     21.67      0.00    173.33      0.00
09:38:29 AM     24.67     24.00      0.67    192.00      8.00
09:38:32 AM     25.25     25.25      0.00    201.99      0.00
09:38:35 AM     21.67     21.00      0.67    168.00      8.00
09:38:38 AM     19.06     19.06      0.00    152.51      0.00
09:38:41 AM     22.26     21.59      0.66    172.76      7.97
09:38:44 AM     21.33     21.33      0.00    170.67      0.00
09:38:47 AM     24.33     23.33      1.00    186.67     10.67
09:38:50 AM     22.00     22.00      0.00    176.00      0.00
09:38:53 AM     25.33     24.00      1.33    192.00     18.67
09:38:56 AM     48.33     48.33      0.00    666.67      0.00
09:38:59 AM     23.67     22.33      1.33    178.67     16.00
09:39:02 AM     36.33     36.33      0.00    402.67      0.00
09:39:05 AM     23.67     23.00      0.67    192.00      8.00
09:39:08 AM     26.09     26.09      0.00    291.64      0.00
09:39:11 AM     24.50     23.84      0.66    196.03      7.95
09:39:14 AM     24.08     24.08      0.00    192.64      0.00
09:39:17 AM     44.33     43.67      0.67   1242.67      8.00
09:39:20 AM     25.67     25.67      0.00    229.33      0.00
09:39:23 AM     25.25     24.25      1.00    204.65     10.63
09:39:26 AM     20.74     20.74      0.00    197.99      0.00
09:39:29 AM     26.67     25.67      1.00    205.33     10.67
09:39:32 AM     25.58     25.25      0.33    201.99      2.66
09:39:35 AM     25.00     24.33      0.67    194.67      8.00
09:39:38 AM     24.41     24.08      0.33    192.64     74.92
09:39:41 AM     25.33     24.67      0.67    197.33      8.00
09:39:44 AM     24.92     24.92      0.00    199.34      0.00
09:39:47 AM     29.43     28.76      0.67    230.10      8.03
09:39:50 AM     25.58     25.58      0.00    204.65      0.00
09:39:53 AM     37.33     29.67      7.67    237.33   1472.00
09:39:56 AM     28.09     28.09      0.00    224.75      0.00
09:39:59 AM     27.57     26.58      1.00    212.62     13.29
09:40:02 AM     76.33     22.67     53.67    181.33  13413.33
09:40:05 AM     27.76     27.42      0.33    438.80      8.03
09:40:08 AM     52.33     51.67      0.67    573.33      2.67
09:40:11 AM     44.85     44.19      0.66    425.25      7.97
09:40:14 AM     42.67     42.67      0.00    418.67      0.00
09:40:17 AM     42.67     42.33      0.33   1048.00     10.67
09:40:20 AM     33.33     32.00      1.33    264.00     26.67
09:40:23 AM     22.33     22.33      0.00    178.67      0.00
09:40:26 AM     28.33     27.67      0.67    221.33     10.67
09:40:29 AM     32.33     32.33      0.00    261.33      0.00
09:40:32 AM     36.21     34.88      1.33    292.36     13.29
09:40:35 AM     27.76     27.76      0.00    222.07      0.00
09:40:38 AM     30.67     29.67      1.00    256.00     16.00
09:40:41 AM     32.67     32.67      0.00    280.00      0.00
Average:        17.51     14.35      3.16    169.25    554.07
