Linux 4.2.2 (vm2_114) 	07/18/2017 	_x86_64_	(1 CPU)

09:48:30 AM       tps      rtps      wtps   bread/s   bwrtn/s
09:48:33 AM     11.59     11.59      0.00    256.95      0.00
09:48:36 AM      0.67      0.00      0.67      0.00     21.33
09:48:39 AM      0.00      0.00      0.00      0.00      0.00
09:48:42 AM      0.67      0.00      0.67      0.00      8.03
09:48:45 AM      0.33      0.00      0.33      0.00      2.66
09:48:48 AM      0.33      0.00      0.33      0.00      8.00
09:48:51 AM      2.00      0.00      2.00      0.00     13.33
09:48:54 AM      0.67      0.00      0.67      0.00      8.00
09:48:57 AM      0.00      0.00      0.00      0.00      0.00
09:49:00 AM      0.67      0.00      0.67      0.00      8.00
09:49:03 AM      0.00      0.00      0.00      0.00      0.00
09:49:06 AM      1.33      0.00      1.33      0.00     26.67
09:49:09 AM      0.00      0.00      0.00      0.00      0.00
09:49:12 AM      0.67      0.00      0.67      0.00      8.00
09:49:15 AM      0.00      0.00      0.00      0.00      0.00
09:49:18 AM      0.67      0.00      0.67      0.00      8.00
09:49:21 AM      0.00      0.00      0.00      0.00      0.00
09:49:24 AM      0.67      0.00      0.67      0.00      8.00
09:49:27 AM      0.00      0.00      0.00      0.00      0.00
09:49:30 AM      1.99      0.00      1.99      0.00     21.26
09:49:33 AM      0.00      0.00      0.00      0.00      0.00
09:49:36 AM      0.67      0.00      0.67      0.00      8.00
09:49:39 AM      0.67      0.00      0.67      0.00      5.33
09:49:42 AM      0.67      0.00      0.67      0.00      8.00
09:49:45 AM      0.00      0.00      0.00      0.00      0.00
09:49:48 AM      0.67      0.00      0.67      0.00      8.00
09:49:51 AM      0.00      0.00      0.00      0.00      0.00
09:49:54 AM      0.67      0.00      0.67      0.00      8.00
09:49:57 AM      0.00      0.00      0.00      0.00      0.00
09:50:00 AM      0.67      0.00      0.67      0.00      8.00
09:50:03 AM     15.67     15.67      0.00    365.33      0.00
09:50:06 AM     26.09     25.08      1.00    602.01     16.05
09:50:09 AM     26.16     25.17      0.99    201.32     18.54
09:50:12 AM      0.00      0.00      0.00      0.00      0.00
09:50:15 AM      1.33      0.00      1.33      0.00     16.00
09:50:18 AM      0.67      0.00      0.67      0.00      8.00
09:50:21 AM      0.00      0.00      0.00      0.00      0.00
09:50:24 AM      0.66      0.00      0.66      0.00      7.97
09:50:27 AM      0.00      0.00      0.00      0.00      0.00
09:50:30 AM      0.66      0.00      0.66      0.00      7.97
09:50:33 AM      0.00      0.00      0.00      0.00      0.00
09:50:36 AM      0.33      0.00      0.33      0.00      5.33
09:50:39 AM      2.33      0.00      2.33      0.00     18.67
09:50:42 AM      0.67      0.00      0.67      0.00      8.00
09:50:45 AM      0.00      0.00      0.00      0.00      0.00
09:50:48 AM      0.67      0.00      0.67      0.00      8.00
09:50:51 AM      0.66      0.00      0.66      0.00      5.32
09:50:54 AM      0.67      0.00      0.67      0.00      8.03
09:50:57 AM      0.00      0.00      0.00      0.00      0.00
09:51:00 AM      0.67      0.00      0.67      0.00      8.00
09:51:03 AM      0.00      0.00      0.00      0.00      0.00
09:51:06 AM      0.67      0.00      0.67      0.00     10.67
09:51:09 AM      0.00      0.00      0.00      0.00      0.00
09:51:12 AM      0.66      0.00      0.66      0.00      7.97
09:51:15 AM      0.33      0.00      0.33      0.00      2.67
09:51:18 AM      0.67      0.00      0.67      0.00      8.00
09:51:21 AM      0.00      0.00      0.00      0.00      0.00
09:51:24 AM      1.33      0.00      1.33      0.00     13.33
09:51:27 AM      0.00      0.00      0.00      0.00      0.00
09:51:30 AM      0.67      0.00      0.67      0.00      8.00
09:51:33 AM      0.00      0.00      0.00      0.00      0.00
09:51:37 AM    233.54    100.21    133.33   2220.55  28630.61
09:51:39 AM     66.87     66.87      0.00   1040.49      0.00
09:51:42 AM     27.24     26.91      0.33    789.37      5.32
09:51:45 AM     22.00     21.67      0.33    194.67      2.67
09:51:48 AM     14.29     13.95      0.33    111.63      7.97
09:51:51 AM     13.67     13.33      0.33    106.67      0.00
09:51:54 AM     14.00     13.33      0.67    128.00      8.00
09:51:57 AM     12.33     12.33      0.00    109.33      0.00
09:52:00 AM     13.33     12.67      0.67    109.33      8.00
09:52:03 AM     41.00     41.00      0.00    693.33      0.00
09:52:06 AM     22.33     21.67      0.67    213.33     10.67
09:52:09 AM     15.33     15.00      0.33    213.33      2.67
09:52:12 AM     14.33     13.00      1.33    104.00     13.33
09:52:15 AM     13.29     13.29      0.00    116.94      0.00
09:52:18 AM     12.33     11.67      0.67    104.00     13.33
09:52:21 AM     13.38     13.38      0.00    117.73      0.00
09:52:24 AM     13.67     13.00      0.67    104.00      8.00
09:52:27 AM     12.96     12.96      0.00    135.55      0.00
09:52:30 AM     13.33     12.67      0.67    112.00      8.00
09:52:33 AM     13.67     13.67      0.00    109.33      0.00
09:52:36 AM     30.33     29.67      0.67    685.33      8.00
09:52:39 AM     32.00     21.00     11.00    826.67   2410.67
09:52:42 AM     14.72     13.71      1.00    109.70     13.38
09:52:45 AM     11.63     11.63      0.00    103.65      0.00
09:52:48 AM     15.00     14.00      1.00    112.00     10.67
09:52:51 AM     12.37     12.37      0.00    120.40      0.00
09:52:54 AM     14.95     14.29      0.66    124.92      7.97
09:52:57 AM     13.67     13.67      0.00    120.00      0.00
09:53:00 AM     14.00     13.33      0.67    120.00      8.00
09:53:03 AM     13.38     13.38      0.00    117.73      0.00
09:53:06 AM     14.62     13.95      0.66    111.63     10.63
09:53:09 AM     12.37     12.37      0.00    107.02      0.00
09:53:12 AM     15.95     14.95      1.00    124.92     10.63
09:53:15 AM     14.05     14.05      0.00    117.73      0.00
09:53:18 AM     11.96     10.96      1.00    108.97     10.63
09:53:21 AM     14.72     14.72      0.00    117.73      0.00
09:53:24 AM     14.29     13.29      1.00    111.63     10.63
09:53:27 AM     16.00     13.00      3.00    112.00    693.33
09:53:30 AM     13.58     12.91      0.66    103.31      7.95
09:53:33 AM     13.71     13.71      0.00    120.40      0.00
09:53:36 AM     11.67     11.00      0.67     98.67      8.00
09:53:39 AM     11.63     11.63      0.00    111.63      0.00
09:53:42 AM     13.04     12.37      0.67    109.70      8.03
09:53:45 AM     15.61     12.62      2.99    111.63    706.98
09:53:48 AM     13.67     13.00      0.67    125.33      8.00
09:53:51 AM     12.33     12.33      0.00    120.00      0.00
09:53:54 AM     15.05     13.71      1.34    109.70     18.73
09:53:57 AM     14.29     13.95      0.33    111.63      2.66
09:54:00 AM     12.00     11.33      0.67    101.33      8.00
Average:        11.35      8.82      2.53    124.12    453.37
