Linux 4.2.2 (vm2_114) 	07/18/2017 	_x86_64_	(1 CPU)

09:01:51 AM       tps      rtps      wtps   bread/s   bwrtn/s
09:01:54 AM      0.00      0.00      0.00      0.00      0.00
09:01:57 AM      0.66      0.00      0.66      0.00     21.26
09:02:00 AM      0.00      0.00      0.00      0.00      0.00
09:02:03 AM      0.67      0.00      0.67      0.00      8.03
09:02:06 AM      0.33      0.00      0.33      0.00      2.67
09:02:09 AM      0.67      0.00      0.67      0.00      8.00
09:02:12 AM      3.00      0.00      3.00      0.00     26.67
09:02:15 AM      0.66      0.00      0.66      0.00      7.97
09:02:18 AM      0.00      0.00      0.00      0.00      0.00
09:02:21 AM      0.67      0.00      0.67      0.00      8.00
09:02:24 AM      0.00      0.00      0.00      0.00      0.00
09:02:27 AM      1.33      0.00      1.33      0.00     24.00
09:02:30 AM      0.00      0.00      0.00      0.00      0.00
09:02:33 AM      0.67      0.00      0.67      0.00      8.00
09:02:36 AM      0.00      0.00      0.00      0.00      0.00
09:02:39 AM      2.33      1.67      0.67    208.00     10.67
09:02:42 AM     11.00     11.00      0.00     88.00      0.00
09:02:45 AM      2.34      0.00      2.34      0.00     24.08
09:02:48 AM      0.00      0.00      0.00      0.00      0.00
09:02:51 AM      0.67      0.00      0.67      0.00     10.67
09:02:54 AM      0.00      0.00      0.00      0.00      0.00
09:02:57 AM      0.66      0.00      0.66      0.00      7.97
09:03:00 AM      0.67      0.00      0.67      0.00      5.35
09:03:03 AM      0.67      0.00      0.67      0.00      8.00
09:03:06 AM      0.00      0.00      0.00      0.00      0.00
09:03:09 AM      0.67      0.00      0.67      0.00      8.03
09:03:12 AM      0.00      0.00      0.00      0.00      0.00
09:03:15 AM      0.66      0.00      0.66      0.00      7.97
09:03:18 AM      0.00      0.00      0.00      0.00      0.00
09:03:21 AM      0.67      0.00      0.67      0.00      8.00
09:03:24 AM      0.00      0.00      0.00      0.00      0.00
09:03:27 AM      1.00      0.00      1.00      0.00     10.67
09:03:30 AM      0.00      0.00      0.00      0.00      0.00
09:03:33 AM      0.67      0.00      0.67      0.00      8.00
09:03:36 AM      0.67      0.00      0.67      0.00      5.33
09:03:39 AM      0.67      0.00      0.67      0.00      8.00
09:03:42 AM      0.00      0.00      0.00      0.00      0.00
09:03:45 AM      0.67      0.00      0.67      0.00      8.00
09:03:48 AM      0.00      0.00      0.00      0.00      0.00
09:03:51 AM      0.66      0.00      0.66      0.00     10.63
09:03:54 AM      0.00      0.00      0.00      0.00      0.00
09:03:57 AM      0.66      0.00      0.66      0.00      7.97
09:04:00 AM      0.33      0.00      0.33      0.00      2.67
09:04:03 AM      0.67      0.00      0.67      0.00      8.00
09:04:06 AM      0.00      0.00      0.00      0.00      0.00
09:04:09 AM      0.67      0.00      0.67      0.00      8.00
09:04:12 AM      0.67      0.00      0.67      0.00      5.33
09:04:15 AM      0.67      0.00      0.67      0.00      8.00
09:04:18 AM      0.00      0.00      0.00      0.00      0.00
09:04:21 AM      0.67      0.00      0.67      0.00      8.03
09:04:24 AM      0.00      0.00      0.00      0.00      0.00
09:04:27 AM      0.67      0.00      0.67      0.00      8.00
09:04:30 AM      0.00      0.00      0.00      0.00      0.00
09:04:33 AM      0.66      0.00      0.66      0.00      7.97
09:04:36 AM      0.00      0.00      0.00      0.00      0.00
09:04:39 AM      0.66      0.00      0.66      0.00      7.97
09:04:42 AM      0.00      0.00      0.00      0.00      0.00
09:04:45 AM      1.33      0.00      1.33      0.00     13.29
09:04:48 AM      0.00      0.00      0.00      0.00      0.00
09:04:51 AM      0.67      0.00      0.67      0.00     10.67
09:04:54 AM      0.00      0.00      0.00      0.00      0.00
09:04:59 AM    557.97    447.10    110.87   4573.91  20863.77
09:05:02 AM     54.88     54.88      0.00    595.12      0.00
09:05:05 AM     51.67     51.33      0.33    773.33      8.00
09:05:08 AM     98.67     75.33     23.33   1176.00   5829.33
09:05:11 AM     89.00     89.00      0.00    789.33      0.00
09:05:14 AM     82.67     82.00      0.67   1069.33      8.00
09:05:17 AM     84.00     83.33      0.67    674.67      8.00
09:05:20 AM    109.33    109.33      0.00    877.33      0.00
09:05:23 AM     94.67     94.33      0.33    754.67      8.00
09:05:26 AM     61.33     61.00      0.33    498.67      0.00
09:05:29 AM     61.67     59.33      2.33    482.67    336.00
09:05:32 AM     74.67     69.33      5.33    573.33   1141.33
09:05:35 AM     65.33     64.67      0.67    522.67      8.00
09:05:38 AM     66.78     62.13      4.65    497.01    948.84
09:05:41 AM     68.67     67.67      1.00    557.33     18.67
09:05:44 AM     72.00     71.67      0.33    573.33      0.00
09:05:47 AM     74.92     67.22      7.69    706.35   1343.14
09:05:50 AM     90.67     79.33     11.33   1005.33   2749.33
09:05:53 AM     61.33     60.67      0.67    493.33     10.67
09:05:56 AM     63.33     63.33      0.00    517.33      0.00
09:05:59 AM     61.79     61.13      0.66    948.84      7.97
09:06:02 AM     61.87     57.53      4.35    923.08    719.73
09:06:05 AM     60.47     59.80      0.66    504.98     10.63
09:06:08 AM     53.00     48.33      4.67    408.00    920.00
09:06:11 AM     48.00     47.33      0.67    378.67      8.00
09:06:14 AM     57.19     53.51      3.68    457.53    687.63
09:06:17 AM     52.16     50.17      1.99    403.99     18.60
09:06:20 AM     62.21     58.19      4.01    505.69    890.97
09:06:23 AM     62.46     61.79      0.66    510.30      7.97
09:06:26 AM     61.00     57.00      4.00    456.00    696.00
09:06:29 AM     52.49     52.49      0.00    427.91      0.00
09:06:32 AM     60.00     53.67      6.33    456.00   1000.00
09:06:35 AM     59.47     59.14      0.33    473.09      0.00
09:06:38 AM     57.53     51.51      6.02    430.77    995.32
09:06:41 AM     56.00     55.67      0.33    450.67      2.67
09:06:44 AM     63.46     50.50     12.96    422.59   2679.07
09:06:47 AM     59.87     59.53      0.33    481.61      0.00
09:06:50 AM     61.67     61.00      0.67    501.33     13.33
09:06:53 AM     53.67     53.33      0.33    488.00      0.00
09:06:56 AM     73.00     72.67      0.33    616.00      8.00
09:06:59 AM     65.33     65.00      0.33    536.00      0.00
09:07:02 AM     66.00     59.00      7.00    541.33   1090.67
09:07:05 AM     67.00     67.00      0.00    573.33      0.00
09:07:08 AM     76.33     58.67     17.67    536.00   3813.33
09:07:11 AM     67.56     67.56      0.00    775.92      0.00
09:07:14 AM     56.48     55.81      0.66    457.14      7.97
09:07:17 AM     61.33     60.67      0.67    528.00      5.33
09:07:20 AM     65.33     65.00      0.33    544.00     13.33
09:07:23 AM     64.00     63.67      0.33    557.33      0.00
Average:        40.49     36.65      3.83    350.96    672.24
