Linux 4.2.2 (vm2_114) 	07/18/2017 	_x86_64_	(1 CPU)

09:28:32 AM       tps      rtps      wtps   bread/s   bwrtn/s
09:28:35 AM      0.00      0.00      0.00      0.00      0.00
09:28:38 AM      0.66      0.00      0.66      0.00     21.26
09:28:41 AM      0.00      0.00      0.00      0.00      0.00
09:28:44 AM      0.67      0.00      0.67      0.00      8.03
09:28:47 AM      1.00      0.33      0.66      2.66      5.32
09:28:50 AM      0.67      0.00      0.67      0.00     18.67
09:28:53 AM      2.33      2.33      0.00     90.37      0.00
09:28:56 AM     66.00     65.33      0.67   1314.67     10.67
09:28:59 AM      0.00      0.00      0.00      0.00      0.00
09:29:02 AM      0.66      0.00      0.66      0.00     10.63
09:29:05 AM      0.00      0.00      0.00      0.00      0.00
09:29:08 AM      1.67      0.33      1.33      2.67     24.00
09:29:11 AM      3.00      0.00      3.00      0.00     26.67
09:29:14 AM      0.66      0.00      0.66      0.00      7.97
09:29:17 AM      0.00      0.00      0.00      0.00      0.00
09:29:20 AM      0.67      0.00      0.67      0.00      8.03
09:29:23 AM      0.00      0.00      0.00      0.00      0.00
09:29:26 AM      0.67      0.00      0.67      0.00      8.00
09:29:29 AM      0.00      0.00      0.00      0.00      0.00
09:29:32 AM      0.67      0.00      0.67      0.00      8.00
09:29:35 AM      0.00      0.00      0.00      0.00      0.00
09:29:38 AM      0.67      0.00      0.67      0.00      8.00
09:29:41 AM      0.67      0.00      0.67      0.00      5.35
09:29:44 AM      0.66      0.00      0.66      0.00      7.97
09:29:47 AM      0.00      0.00      0.00      0.00      0.00
09:29:50 AM      0.66      0.00      0.66      0.00      7.95
09:29:53 AM      0.00      0.00      0.00      0.00      0.00
09:29:56 AM      0.66      0.00      0.66      0.00     10.63
09:29:59 AM      0.00      0.00      0.00      0.00      0.00
09:30:02 AM      2.34      1.67      0.67    133.78      8.03
09:30:05 AM     32.23     32.23      0.00    403.99      0.00
09:30:08 AM     30.00     29.00      1.00    509.33     18.67
09:30:11 AM      0.00      0.00      0.00      0.00      0.00
09:30:14 AM      0.67      0.00      0.67      0.00     10.67
09:30:17 AM      0.66      0.00      0.66      0.00      5.32
09:30:20 AM      0.67      0.00      0.67      0.00      8.03
09:30:23 AM      0.00      0.00      0.00      0.00      0.00
09:30:26 AM      0.67      0.00      0.67      0.00      8.00
09:30:29 AM      0.00      0.00      0.00      0.00      0.00
09:30:32 AM      2.00      0.00      2.00      0.00     18.67
09:30:35 AM      0.00      0.00      0.00      0.00      0.00
09:30:38 AM      1.33      0.00      1.33      0.00     13.33
09:30:41 AM      0.00      0.00      0.00      0.00      0.00
09:30:44 AM      0.66      0.00      0.66      0.00      7.97
09:30:47 AM      0.00      0.00      0.00      0.00      0.00
09:30:50 AM      0.66      0.00      0.66      0.00      7.97
09:30:53 AM      0.67      0.00      0.67      0.00      5.35
09:30:56 AM      0.66      0.00      0.66      0.00     10.63
09:30:59 AM      0.00      0.00      0.00      0.00      0.00
09:31:02 AM      0.66      0.00      0.66      0.00      7.97
09:31:05 AM      0.00      0.00      0.00      0.00      0.00
09:31:08 AM      1.00      0.00      1.00      0.00     10.67
09:31:11 AM      0.00      0.00      0.00      0.00      0.00
09:31:14 AM      0.67      0.00      0.67      0.00      8.00
09:31:17 AM      0.00      0.00      0.00      0.00      0.00
09:31:20 AM      0.67      0.00      0.67      0.00      8.03
09:31:23 AM      0.00      0.00      0.00      0.00      0.00
09:31:26 AM      1.33      0.00      1.33      0.00     13.33
09:31:29 AM      0.00      0.00      0.00      0.00      0.00
09:31:32 AM      0.67      0.00      0.67      0.00      8.00
09:31:35 AM    112.72     11.72    101.00    781.25  22883.04
09:31:43 AM     46.67     46.67      0.00    864.00      0.00
09:31:46 AM     44.67     44.67      0.00    626.67      0.00
09:31:49 AM     19.67     19.00      0.67    544.00      8.00
09:31:52 AM     14.29     13.95      0.33    122.26      5.32
09:31:55 AM     25.08     24.75      0.33    382.61      2.68
09:31:58 AM     26.67     26.33      0.33    274.67      8.00
09:32:01 AM     15.61     15.28      0.33    122.26      2.66
09:32:04 AM     25.75     25.42      0.33    286.29      5.35
09:32:07 AM     14.00     13.67      0.33    109.33      2.67
09:32:10 AM     13.33     13.00      0.33    197.33      5.33
09:32:13 AM     14.95     13.95      1.00    111.63      7.97
09:32:16 AM     14.46     14.05      0.41    119.01      6.61
09:32:19 AM     19.00     18.00      1.00    144.00      8.00
09:32:22 AM     12.67     12.33      0.33     98.67     13.33
09:32:25 AM     13.67     13.33      0.33    106.67      0.00
09:32:28 AM     12.67     12.33      0.33    106.67      8.00
09:32:31 AM     13.38     13.04      0.33    115.05      0.00
09:32:34 AM     13.29     12.96      0.33    103.65      7.97
09:32:37 AM     27.42     27.09      0.33    240.80      0.00
09:32:40 AM     25.91     25.58      0.33   1100.33      7.97
09:32:43 AM     15.00     14.33      0.67    168.00      5.33
09:32:46 AM     14.29     13.95      0.33    116.94     10.63
09:32:49 AM     14.67     14.00      0.67    122.67      2.67
09:32:52 AM     14.00     13.67      0.33    109.33      5.33
09:32:55 AM     13.71     13.38      0.33    107.02      2.68
09:32:58 AM     13.33     12.33      1.00    120.00     16.00
09:33:01 AM     14.29     13.95      0.33    111.63      0.00
09:33:04 AM     12.33     12.00      0.33     96.00      8.00
09:33:07 AM     13.71     13.38      0.33    107.02      0.00
09:33:10 AM     14.62     14.29      0.33    114.29      7.97
09:33:13 AM     14.33     14.00      0.33    112.00      0.00
09:33:16 AM     13.71     13.38      0.33    117.73      5.35
09:33:19 AM     14.00     13.33      0.67    117.33      5.33
09:33:22 AM     14.33     13.67      0.67    117.33     10.67
09:33:25 AM     13.29     12.96      0.33    114.29      0.00
09:33:28 AM     14.33     14.00      0.33    112.00      8.00
09:33:31 AM     14.67     14.33      0.33    114.67      0.00
09:33:34 AM     11.00     10.33      0.67     82.67      8.00
09:33:37 AM     12.71     12.37      0.33     99.00      2.68
09:33:40 AM     15.61     15.28      0.33    122.26      7.97
09:33:43 AM     11.67     11.33      0.33    101.33      0.00
09:33:46 AM     13.33     13.00      0.33    104.00      8.00
09:33:49 AM     14.00     13.67      0.33    109.33      0.00
09:33:52 AM     15.67     14.33      1.33    114.67     18.67
09:33:55 AM     13.38     13.38      0.00    107.02      0.00
09:33:58 AM     13.95     13.29      0.66    106.31     13.29
09:34:01 AM     16.50     16.00      0.50    128.00      0.00
09:34:04 AM     19.67     19.33      0.33    165.33      5.33
09:34:07 AM     13.67     13.33      0.33    106.67      2.67
Average:        11.61      8.44      3.17    120.70    621.42
