Linux 4.2.2 (vm2_114) 	07/18/2017 	_x86_64_	(1 CPU)

08:55:12 AM       tps      rtps      wtps   bread/s   bwrtn/s
08:55:15 AM     15.00     14.67      0.33    504.00      2.67
08:55:18 AM      0.67      0.00      0.67      0.00     21.33
08:55:21 AM      0.00      0.00      0.00      0.00      0.00
08:55:24 AM      0.33      0.00      0.33      0.00      8.00
08:55:27 AM      0.33      0.00      0.33      0.00      0.00
08:55:30 AM      0.67      0.00      0.67      0.00      8.03
08:55:33 AM      1.99      0.00      1.99      0.00     15.89
08:55:36 AM      0.33      0.00      0.33      0.00      5.33
08:55:39 AM      0.33      0.00      0.33      0.00      2.68
08:55:42 AM      0.33      0.00      0.33      0.00      8.00
08:55:45 AM      0.67      0.00      0.67      0.00      2.67
08:55:48 AM      1.00      0.00      1.00      0.00     23.92
08:55:51 AM      0.00      0.00      0.00      0.00      0.00
08:55:54 AM      0.33      0.00      0.33      0.00      5.32
08:55:57 AM      0.33      0.00      0.33      0.00      2.67
08:56:00 AM      0.33      0.00      0.33      0.00      8.00
08:56:03 AM      0.33      0.00      0.33      0.00      0.00
08:56:06 AM      0.33      0.00      0.33      0.00      5.32
08:56:09 AM      0.33      0.00      0.33      0.00      2.68
08:56:12 AM      0.33      0.00      0.33      0.00      5.33
08:56:15 AM      0.33      0.00      0.33      0.00      2.66
08:56:18 AM      1.00      0.00      1.00      0.00     10.67
08:56:21 AM      0.00      0.00      0.00      0.00      0.00
08:56:24 AM      2.00      0.00      2.00      0.00     21.33
08:56:27 AM      0.33      0.00      0.33      0.00      2.67
08:56:30 AM      0.33      0.00      0.33      0.00      8.03
08:56:33 AM      0.33      0.00      0.33      0.00      0.00
08:56:36 AM      0.33      0.00      0.33      0.00      8.00
08:56:39 AM      0.33      0.00      0.33      0.00      0.00
08:56:42 AM      0.33      0.00      0.33      0.00      5.35
08:56:45 AM      0.33      0.00      0.33      0.00      2.67
08:56:48 AM      0.33      0.00      0.33      0.00     10.67
08:56:51 AM      0.33      0.00      0.33      0.00      0.00
08:56:54 AM      0.67      0.00      0.67      0.00      8.00
08:56:57 AM      0.33      0.00      0.33      0.00      2.67
08:57:00 AM      0.67      0.00      0.67      0.00      8.00
08:57:03 AM      0.33      0.00      0.33      0.00      2.67
08:57:06 AM      0.33      0.00      0.33      0.00      5.33
08:57:09 AM      0.33      0.00      0.33      0.00      2.66
08:57:12 AM      0.33      0.00      0.33      0.00      5.35
08:57:15 AM      0.33      0.00      0.33      0.00      2.66
08:57:18 AM      0.33      0.00      0.33      0.00      5.33
08:57:21 AM      0.33      0.00      0.33      0.00      2.67
08:57:24 AM      0.67      0.00      0.67      0.00      8.00
08:57:27 AM      0.33      0.00      0.33      0.00      2.68
08:57:30 AM      0.66      0.00      0.66      0.00      7.97
08:57:33 AM      0.67      0.00      0.67      0.00      5.33
08:57:36 AM      0.33      0.00      0.33      0.00      5.33
08:57:39 AM      0.33      0.00      0.33      0.00      2.67
08:57:42 AM      0.33      0.00      0.33      0.00     10.67
08:57:45 AM      0.33      0.00      0.33      0.00      0.00
08:57:48 AM      0.33      0.00      0.33      0.00     10.70
08:57:51 AM      0.33      0.00      0.33      0.00      0.00
08:57:54 AM      0.33      0.00      0.33      0.00      8.03
08:57:57 AM      0.33      0.00      0.33      0.00      0.00
08:58:00 AM      0.33      0.00      0.33      0.00      8.00
08:58:03 AM      0.67      0.00      0.67      0.00      2.67
08:58:06 AM      0.33      0.00      0.33      0.00      5.33
08:58:09 AM      0.67      0.00      0.67      0.00      5.33
08:58:12 AM      0.33      0.00      0.33      0.00      5.32
08:58:15 AM      0.67      0.00      0.67      0.00      5.35
08:58:18 AM    234.19    100.00    134.19   2220.51  27841.03
08:58:21 AM     26.90     26.40      0.51    645.69      0.00
08:58:24 AM     46.00     45.67      0.33    882.67      8.00
08:58:27 AM     50.33     50.00      0.33    546.67      0.00
08:58:30 AM     21.59     20.93      0.66    194.02      7.97
08:58:33 AM     17.00     17.00      0.00    157.33      0.00
08:58:36 AM     21.33     20.67      0.67    165.33      8.00
08:58:39 AM     20.33     20.33      0.00    173.33      0.00
08:58:42 AM     19.00     18.33      0.67    146.67      8.00
08:58:45 AM     32.23     32.23      0.00    443.85      0.00
08:58:48 AM     42.67     34.33      8.33    349.33   1773.33
08:58:51 AM     21.00     20.67      0.33    176.00      2.67
08:58:54 AM     18.33     17.00      1.33    144.00     13.33
08:58:57 AM     20.00     20.00      0.00    202.67      0.00
08:59:00 AM     21.67     21.00      0.67    168.00     13.33
08:59:03 AM     29.33     27.67      1.67    314.67    346.67
08:59:06 AM     17.67     17.00      0.67    146.67      8.00
08:59:09 AM     24.00     23.00      1.00    266.67      8.00
08:59:12 AM     22.67     22.00      0.67    197.33      8.00
08:59:15 AM     26.25     26.25      0.00    233.89      0.00
08:59:18 AM     48.49     42.14      6.35    848.16   1377.93
08:59:21 AM     28.90     27.91      1.00    558.14    204.65
08:59:24 AM     26.42     25.42      1.00    211.37     10.70
08:59:27 AM     22.26     22.26      0.00    201.99      0.00
08:59:30 AM     75.00     21.00     54.00    186.67  13434.67
08:59:33 AM     27.33     27.33      0.00    248.00      0.00
08:59:36 AM     28.67     28.00      0.67    224.00      8.00
08:59:39 AM     29.00     29.00      0.00    269.33      0.00
08:59:42 AM     28.33     27.67      0.67    224.00      8.00
08:59:45 AM     30.67     30.67      0.00    253.33      0.00
08:59:48 AM     29.00     28.33      0.67    242.67     10.67
08:59:51 AM     31.67     31.67      0.00    264.00      0.00
08:59:54 AM     30.33     29.67      0.67    242.67      8.00
08:59:57 AM     28.00     28.00      0.00    242.67      0.00
09:00:00 AM     30.00     29.00      1.00    237.33     10.67
09:00:03 AM     24.33     24.33      0.00    328.00      0.00
09:00:06 AM     50.33     49.33      1.00    546.67     10.67
09:00:09 AM     37.33     37.33      0.00    461.33      0.00
09:00:12 AM     37.33     36.67      0.67    344.00      8.00
09:00:15 AM     50.00     50.00      0.00    514.67      0.00
09:00:18 AM     56.00     54.67      1.33   1029.33     24.00
09:00:21 AM     29.57     28.24      1.33    271.10     10.63
09:00:24 AM     31.44     30.77      0.67    264.88     10.70
09:00:27 AM     34.00     34.00      0.00    298.67      0.00
09:00:30 AM     30.67     30.00      0.67    245.33      8.00
09:00:33 AM     37.21     37.21      0.00    318.94      0.00
09:00:36 AM     29.33     28.00      1.33    240.00     18.67
09:00:39 AM     35.00     34.67      0.33    293.33      2.67
09:00:42 AM     32.00     31.33      0.67    269.33      8.00
Average:        17.29     14.30      2.98    174.01    554.64
