Linux 4.2.2 (vm2_114) 	07/18/2017 	_x86_64_	(1 CPU)

09:41:50 AM       tps      rtps      wtps   bread/s   bwrtn/s
09:41:53 AM     11.67     11.67      0.00    256.00      0.00
09:41:56 AM      0.66      0.00      0.66      0.00     21.26
09:41:59 AM      0.00      0.00      0.00      0.00      0.00
09:42:02 AM      0.66      0.00      0.66      0.00     10.60
09:42:05 AM      0.33      0.00      0.33      0.00      2.68
09:42:08 AM      2.67      0.00      2.67      0.00     24.00
09:42:11 AM      0.00      0.00      0.00      0.00      0.00
09:42:14 AM      0.67      0.00      0.67      0.00      8.00
09:42:17 AM      0.00      0.00      0.00      0.00      0.00
09:42:20 AM      0.67      0.00      0.67      0.00      8.00
09:42:23 AM      0.33      0.00      0.33      0.00      2.68
09:42:26 AM      0.67      0.00      0.67      0.00     13.33
09:42:29 AM      0.33      0.00      0.33      0.00      2.66
09:42:32 AM      0.67      0.00      0.67      0.00     13.33
09:42:35 AM      0.00      0.00      0.00      0.00      0.00
09:42:38 AM      1.99      0.00      1.99      0.00     21.26
09:42:41 AM      1.33      1.33      0.00    205.33      0.00
09:42:44 AM      1.00      0.33      0.67      2.67     10.67
09:42:47 AM      0.00      0.00      0.00      0.00      0.00
09:42:50 AM      0.66      0.00      0.66      0.00      7.97
09:42:53 AM      0.00      0.00      0.00      0.00      0.00
09:42:56 AM      0.66      0.00      0.66      0.00      7.97
09:42:59 AM      0.33      0.00      0.33      0.00      2.68
09:43:02 AM      0.67      0.00      0.67      0.00     10.67
09:43:05 AM      0.33      0.00      0.33      0.00      2.67
09:43:08 AM      0.67      0.00      0.67      0.00      8.03
09:43:11 AM      0.00      0.00      0.00      0.00      0.00
09:43:14 AM      0.66      0.00      0.66      0.00      7.97
09:43:17 AM      0.00      0.00      0.00      0.00      0.00
09:43:20 AM      1.00      0.00      1.00      0.00     10.67
09:43:23 AM      0.00      0.00      0.00      0.00      0.00
09:43:26 AM      0.67      0.00      0.67      0.00      8.00
09:43:29 AM      0.00      0.00      0.00      0.00      0.00
09:43:32 AM      0.67      0.00      0.67      0.00      8.00
09:43:35 AM      0.33      0.00      0.33      0.00      2.67
09:43:38 AM      1.00      0.00      1.00      0.00     10.67
09:43:41 AM      0.00      0.00      0.00      0.00      0.00
09:43:44 AM      0.67      0.00      0.67      0.00      8.00
09:43:47 AM      0.00      0.00      0.00      0.00      0.00
09:43:50 AM      0.66      0.00      0.66      0.00      7.97
09:43:53 AM      0.00      0.00      0.00      0.00      0.00
09:43:56 AM      0.67      0.00      0.67      0.00      8.00
09:43:59 AM      0.00      0.00      0.00      0.00      0.00
09:44:02 AM      0.67      0.00      0.67      0.00     10.67
09:44:05 AM      0.00      0.00      0.00      0.00      0.00
09:44:08 AM      1.00      0.00      1.00      0.00     10.63
09:44:11 AM      0.00      0.00      0.00      0.00      0.00
09:44:14 AM      1.00      0.00      1.00      0.00     10.67
09:44:17 AM      0.00      0.00      0.00      0.00      0.00
09:44:20 AM      0.66      0.00      0.66      0.00      7.97
09:44:23 AM      0.00      0.00      0.00      0.00      0.00
09:44:26 AM      0.67      0.00      0.67      0.00      8.00
09:44:29 AM      0.33      0.00      0.33      0.00      2.67
09:44:32 AM      0.66      0.00      0.66      0.00      7.97
09:44:35 AM      0.00      0.00      0.00      0.00      0.00
09:44:38 AM      0.67      0.00      0.67      0.00      8.00
09:44:41 AM      0.00      0.00      0.00      0.00      0.00
09:44:44 AM      1.00      0.00      1.00      0.00     10.63
09:44:47 AM      0.00      0.00      0.00      0.00      0.00
09:44:50 AM      1.00      0.00      1.00      0.00     10.63
09:44:53 AM      0.00      0.00      0.00      0.00      0.00
09:44:59 AM    200.23     21.32    178.91   1066.36  39761.00
09:45:05 AM    151.22     49.02    102.20    979.51  23672.20
09:45:08 AM     87.63     87.29      0.33   1003.34      2.68
09:45:11 AM     43.19     42.86      0.33    364.12      7.97
09:45:14 AM     40.00     39.67      0.33    317.33      0.00
09:45:17 AM     38.00     37.33      0.67    298.67      8.00
09:45:20 AM     40.67     40.67      0.00    408.00      0.00
09:45:23 AM     42.33     41.67      0.67    333.33      8.00
09:45:26 AM     39.00     39.00      0.00    312.00      0.00
09:45:29 AM     38.21     36.88      1.33    295.02     13.29
09:45:32 AM     42.14     42.14      0.00    337.12      0.00
09:45:35 AM     38.00     37.00      1.00    296.00     10.67
09:45:38 AM     39.87     39.20      0.66    313.62      5.32
09:45:41 AM     40.33     39.67      0.67    317.33     13.33
09:45:44 AM     38.46     38.46      0.00    307.69      0.00
09:45:47 AM     40.67     40.00      0.67    320.00      8.00
09:45:50 AM     41.33     41.33      0.00    330.67      0.00
09:45:53 AM     40.86     40.20      0.66    332.23      7.97
09:45:56 AM     48.83     48.83      0.00    684.95      0.00
09:45:59 AM     33.33     32.67      0.67    637.33      8.00
09:46:02 AM     39.87     39.87      0.00    518.27      0.00
09:46:05 AM     34.33     33.67      0.67    285.33     10.67
09:46:08 AM     41.67     41.33      0.33    330.67      2.67
09:46:11 AM     39.33     38.67      0.67    309.33      8.00
09:46:14 AM     40.13     38.80      1.34    310.37     10.70
09:46:17 AM     38.54     37.87      0.66    302.99      7.97
09:46:20 AM     41.67     41.67      0.00    344.00      0.00
09:46:23 AM     40.67     40.00      0.67    320.00      8.00
09:46:26 AM     39.80     39.80      0.00    318.39      0.00
09:46:29 AM     41.53     40.86      0.66    326.91      7.97
09:46:32 AM     39.00     39.00      0.00    312.00      0.00
09:46:35 AM     36.00     35.33      0.67    290.67      8.00
09:46:38 AM     38.67     38.67      0.00    320.00      0.00
09:46:41 AM     38.33     37.67      0.67    301.33      8.00
09:46:44 AM     43.33     43.00      0.33    344.00      2.67
09:46:47 AM     39.67     39.00      0.67    312.00      8.00
09:46:50 AM     43.52     43.19      0.33    345.51      2.66
09:46:53 AM     39.00     38.33      0.67    306.67      8.00
09:46:56 AM     38.00     38.00      0.00    304.00      0.00
09:46:59 AM     39.33     38.67      0.67    309.33      8.00
09:47:02 AM     40.33     40.33      0.00    322.67      0.00
09:47:05 AM     38.00     37.33      0.67    309.33     10.67
09:47:08 AM     41.67     41.67      0.00    333.33      0.00
09:47:11 AM     40.47     39.80      0.67    318.39      8.03
09:47:14 AM     41.53     41.53      0.00    332.23      0.00
09:47:17 AM     38.00     37.33      0.67    309.33      8.00
09:47:20 AM     43.67     43.00      0.67    344.00      5.33
09:47:23 AM     37.67     37.00      0.67    296.00     13.33
09:47:26 AM     38.46     37.12      1.34    296.99     10.70
Average:        24.56     18.22      6.34    191.43   1328.17
