Linux 4.2.2 (vm2_114) 	07/18/2017 	_x86_64_	(1 CPU)

09:21:52 AM       tps      rtps      wtps   bread/s   bwrtn/s
09:21:55 AM      3.00      3.00      0.00    165.33      0.00
09:21:58 AM      1.00      0.00      1.00      0.00     23.92
09:22:01 AM      0.00      0.00      0.00      0.00      0.00
09:22:04 AM      0.33      0.00      0.33      0.00      7.97
09:22:07 AM      0.67      0.00      0.67      0.00      2.67
09:22:10 AM      0.67      0.00      0.67      0.00      8.00
09:22:13 AM      0.00      0.00      0.00      0.00      0.00
09:22:16 AM      0.67      0.00      0.67      0.00      8.00
09:22:19 AM      0.00      0.00      0.00      0.00      0.00
09:22:22 AM      0.33      0.00      0.33      0.00      8.00
09:22:25 AM      0.33      0.00      0.33      0.00      0.00
09:22:28 AM      1.33      0.33      1.00      2.67     24.00
09:22:31 AM      2.68      0.00      2.68      0.00     21.40
09:22:34 AM      0.33      0.00      0.33      0.00      8.00
09:22:37 AM      0.33      0.00      0.33      0.00      0.00
09:22:40 AM     12.96     12.62      0.33    295.02     10.63
09:22:43 AM      0.66      0.33      0.33      2.66      0.00
09:22:46 AM      0.67      0.00      0.67      0.00      8.00
09:22:49 AM      0.00      0.00      0.00      0.00      0.00
09:22:52 AM      0.67      0.00      0.67      0.00     10.70
09:22:55 AM      0.00      0.00      0.00      0.00      0.00
09:22:58 AM      0.66      0.00      0.66      0.00      7.97
09:23:01 AM      0.67      0.00      0.67      0.00      5.33
09:23:04 AM      0.33      0.00      0.33      0.00      8.03
09:23:07 AM      0.33      0.00      0.33      0.00      0.00
09:23:10 AM      0.67      0.00      0.67      0.00      8.00
09:23:13 AM      0.33      0.00      0.33      0.00      2.68
09:23:16 AM      0.33      0.00      0.33      0.00      7.97
09:23:19 AM      0.33      0.00      0.33      0.00      0.00
09:23:22 AM      0.67      0.00      0.67      0.00      8.00
09:23:25 AM      0.00      0.00      0.00      0.00      0.00
09:23:28 AM      0.33      0.00      0.33      0.00      7.97
09:23:31 AM      0.33      0.00      0.33      0.00      0.00
09:23:34 AM      0.33      0.00      0.33      0.00      8.00
09:23:37 AM      1.00      0.00      1.00      0.00      5.35
09:23:40 AM      0.66      0.00      0.66      0.00      7.97
09:23:43 AM      0.00      0.00      0.00      0.00      0.00
09:23:46 AM      0.33      0.00      0.33      0.00      8.00
09:23:49 AM      0.33      0.00      0.33      0.00      0.00
09:23:52 AM      0.67      0.00      0.67      0.00     10.70
09:23:55 AM      0.00      0.00      0.00      0.00      0.00
09:23:58 AM      0.67      0.00      0.67      0.00     10.67
09:24:01 AM      0.33      0.00      0.33      0.00      0.00
09:24:04 AM      0.67      0.00      0.67      0.00      8.00
09:24:07 AM      0.00      0.00      0.00      0.00      0.00
09:24:10 AM      0.33      0.00      0.33      0.00      7.97
09:24:13 AM      1.00      0.00      1.00      0.00      5.32
09:24:16 AM      0.33      0.00      0.33      0.00      8.03
09:24:19 AM      0.33      0.00      0.33      0.00      0.00
09:24:22 AM      0.67      0.00      0.67      0.00      8.00
09:24:25 AM      0.00      0.00      0.00      0.00      0.00
09:24:28 AM      0.33      0.00      0.33      0.00      8.00
09:24:31 AM      0.33      0.00      0.33      0.00      0.00
09:24:34 AM      0.66      0.00      0.66      0.00      7.97
09:24:37 AM      0.00      0.00      0.00      0.00      0.00
09:24:40 AM      0.67      0.00      0.67      0.00      8.03
09:24:43 AM      0.00      0.00      0.00      0.00      0.00
09:24:46 AM      1.00      0.00      1.00      0.00     13.33
09:24:49 AM      0.33      0.00      0.33      0.00      0.00
09:24:52 AM      0.67      0.00      0.67      0.00     10.67
09:24:55 AM      0.00      0.00      0.00      0.00      0.00
09:25:00 AM    135.50     35.97     99.53   1081.55  22514.11
09:25:02 AM     48.28     48.28      0.00    937.93      0.00
09:25:05 AM     48.67     48.67      0.00    957.33      0.00
09:25:08 AM     64.55     63.88      0.67   1027.42      8.03
09:25:11 AM     88.70     88.37      0.33    863.79      5.32
09:25:14 AM     27.76     27.42      0.33    219.40      2.68
09:25:17 AM     41.33     41.00      0.33    338.67      5.33
09:25:20 AM     42.38     42.05      0.33    479.47      2.65
09:25:23 AM     48.83     48.49      0.33    387.96      5.35
09:25:26 AM     42.86     42.52      0.33    350.83      2.66
09:25:29 AM     47.49     47.16      0.33    398.66      8.03
09:25:32 AM     36.33     35.67      0.67    293.33      2.67
09:25:35 AM     35.33     34.00      1.33    293.33     13.33
09:25:38 AM     31.00     31.00      0.00    258.67      0.00
09:25:41 AM     32.89     32.23      0.66    279.07     13.29
09:25:44 AM     29.77     29.77      0.00    262.21      0.00
09:25:47 AM     31.89     31.23      0.66    257.81      7.97
09:25:50 AM     35.00     35.00      0.00    285.33      0.00
09:25:53 AM     56.33     55.67      0.67    776.00      8.00
09:25:56 AM     35.33     35.33      0.00    293.33      0.00
09:25:59 AM     43.67     43.00      0.67    976.00     10.67
09:26:02 AM     22.00     22.00      0.00    413.33      0.00
09:26:05 AM     20.67     20.00      0.67    162.67      8.00
09:26:08 AM     28.00     27.33      0.67    218.67      5.33
09:26:11 AM     33.33     32.67      0.67    272.00      8.00
09:26:14 AM     34.33     34.33      0.00    304.00      0.00
09:26:17 AM     32.00     30.33      1.67    253.33     16.00
09:26:20 AM     33.33     26.67      6.67    216.00   1426.67
09:26:23 AM     22.67     22.00      0.67    181.33      8.00
09:26:26 AM     23.00     23.00      0.00    194.67      0.00
09:26:29 AM     23.67     23.00      0.67    194.67      8.00
09:26:32 AM     25.67     25.67      0.00    205.33      0.00
09:26:35 AM     23.33     22.67      0.67    181.33      8.00
09:26:38 AM     24.33     24.33      0.00    205.33      0.00
09:26:41 AM     21.33     20.00      1.33    160.00     13.33
09:26:44 AM     31.33     23.67      7.67    221.33   1477.33
09:26:47 AM     24.33     23.67      0.67    200.00      8.00
09:26:50 AM     24.00     24.00      0.00    200.00      0.00
09:26:53 AM     24.25     23.59      0.66    196.68      7.97
09:26:56 AM     22.33     22.33      0.00    189.33      0.00
09:26:59 AM     23.00     22.33      0.67    189.33     10.67
09:27:02 AM     25.00     25.00      0.00    200.00      0.00
09:27:05 AM     23.26     22.59      0.66    180.73      7.97
09:27:08 AM     32.44     25.75      6.69    222.07   1268.23
09:27:11 AM     24.00     23.33      0.67    194.67      8.00
09:27:14 AM     27.00     27.00      0.00    229.33      0.00
09:27:17 AM     38.33     25.67     12.67    216.00   2656.00
09:27:20 AM     27.67     27.67      0.00    226.67      0.00
09:27:23 AM     25.33     24.67      0.67    202.67     13.33
Average:        17.28     14.62      2.66    163.80    505.00
