Linux 4.2.2 (vm2_114) 	07/16/2017 	_x86_64_	(1 CPU)

03:11:05 AM       tps      rtps      wtps   bread/s   bwrtn/s
03:11:08 AM     13.04     13.04      0.00    321.07      0.00
03:11:11 AM      0.66      0.00      0.66      0.00     23.92
03:11:14 AM      0.00      0.00      0.00      0.00      0.00
03:11:17 AM      1.00      0.00      1.00      0.00     10.70
03:11:20 AM      0.00      0.00      0.00      0.00      0.00
03:11:23 AM      0.67      0.00      0.67      0.00      8.00
03:11:26 AM      0.00      0.00      0.00      0.00      0.00
03:11:29 AM      0.66      0.00      0.66      0.00      7.97
03:11:32 AM      0.00      0.00      0.00      0.00      0.00
03:11:35 AM      0.67      0.00      0.67      0.00      8.00
03:11:38 AM      0.33      0.00      0.33      0.00      2.67
03:11:41 AM      0.66      0.00      0.66      0.00     13.29
03:11:44 AM      2.68      0.00      2.68      0.00     21.40
03:11:47 AM      0.66      0.00      0.66      0.00     13.29
03:11:50 AM      0.00      0.00      0.00      0.00      0.00
03:11:53 AM      0.66      0.00      0.66      0.00      7.97
03:11:56 AM      0.00      0.00      0.00      0.00      0.00
03:11:59 AM      0.67      0.00      0.67      0.00      8.00
03:12:02 AM      0.00      0.00      0.00      0.00      0.00
03:12:05 AM      0.67      0.00      0.67      0.00      8.00
03:12:08 AM      0.00      0.00      0.00      0.00      0.00
03:12:11 AM      0.67      0.00      0.67      0.00     10.67
03:12:14 AM      0.33      0.00      0.33      0.00      2.66
03:12:17 AM      2.33      0.00      2.33      0.00     21.33
03:12:20 AM      0.00      0.00      0.00      0.00      0.00
03:12:23 AM      0.66      0.00      0.66      0.00      7.97
03:12:26 AM      0.00      0.00      0.00      0.00      0.00
03:12:29 AM      0.66      0.00      0.66      0.00      7.97
03:12:32 AM      0.00      0.00      0.00      0.00      0.00
03:12:35 AM      0.66      0.00      0.66      0.00      7.97
03:12:38 AM      0.00      0.00      0.00      0.00      0.00
03:12:41 AM      0.67      0.00      0.67      0.00      8.00
03:12:44 AM      0.00      0.00      0.00      0.00      0.00
03:12:47 AM      1.00      0.00      1.00      0.00     10.67
03:12:50 AM      0.00      0.00      0.00      0.00      0.00
03:12:53 AM      1.00      0.00      1.00      0.00     10.63
03:12:56 AM      0.00      0.00      0.00      0.00      0.00
03:12:59 AM      0.67      0.00      0.67      0.00      8.03
03:13:02 AM      0.00      0.00      0.00      0.00      0.00
03:13:05 AM      0.67      0.00      0.67      0.00      8.00
03:13:08 AM      0.00      0.00      0.00      0.00      0.00
03:13:11 AM      0.67      0.00      0.67      0.00     10.67
03:13:14 AM      0.00      0.00      0.00      0.00      0.00
03:13:17 AM      0.66      0.00      0.66      0.00      7.97
03:13:20 AM      0.00      0.00      0.00      0.00      0.00
03:13:23 AM      1.00      0.00      1.00      0.00     10.63
03:13:26 AM      0.00      0.00      0.00      0.00      0.00
03:13:29 AM      1.00      0.00      1.00      0.00     13.33
03:13:32 AM      0.33      0.00      0.33      0.00      2.66
03:13:35 AM      0.67      0.00      0.67      0.00      8.03
03:13:38 AM      0.00      0.00      0.00      0.00      0.00
03:13:41 AM      0.66      0.00      0.66      0.00      7.97
03:13:44 AM      0.00      0.00      0.00      0.00      0.00
03:13:47 AM      0.67      0.00      0.67      0.00      8.00
03:13:50 AM      0.00      0.00      0.00      0.00      0.00
03:13:53 AM      0.66      0.00      0.66      0.00      7.97
03:13:56 AM      0.00      0.00      0.00      0.00      0.00
03:13:59 AM      1.00      0.00      1.00      0.00     10.63
03:14:02 AM      0.33      0.00      0.33      0.00      2.67
03:14:05 AM      0.67      0.00      0.67      0.00      8.00
03:14:08 AM      0.00      0.00      0.00      0.00      0.00
03:14:12 AM    217.38     19.63    197.76   1411.59  41514.77
03:14:15 AM     27.27     27.27      0.00   1047.27      0.00
03:14:18 AM     32.23     31.56      0.66    396.01      7.97
03:14:21 AM     11.00     10.67      0.33    168.00      8.00
03:14:24 AM     13.00     12.67      0.33    101.33      0.00
03:14:27 AM     13.71     13.38      0.33    107.02      5.35
03:14:30 AM     13.29     12.96      0.33    103.65      2.66
03:14:33 AM     14.67     14.33      0.33    114.67      5.33
03:14:36 AM     12.37     12.04      0.33     96.32      2.68
03:14:39 AM     12.29     11.96      0.33     95.68      5.32
03:14:42 AM     13.33     12.67      0.67    101.33      5.33
03:14:45 AM     13.04     12.71      0.33    112.37      8.03
03:14:48 AM     14.00     12.67      1.33    101.33      8.00
03:14:51 AM     12.96     12.62      0.33    101.00     10.63
03:14:54 AM     13.33     13.00      0.33    112.00      2.67
03:14:57 AM     12.67     12.33      0.33     98.67      8.00
03:15:00 AM     11.33     11.00      0.33     98.67      0.00
03:15:03 AM     21.40     20.74      0.67    254.18      8.03
03:15:06 AM     23.33     23.33      0.00    338.67      0.00
03:15:09 AM     30.67     30.00      0.67    429.33     10.67
03:15:12 AM     17.67     17.67      0.00    706.67      0.00
03:15:15 AM     17.28     16.61      0.66    417.28     10.63
03:15:18 AM     14.00     13.33      0.67    117.33      8.00
03:15:21 AM     14.00     13.33      0.67    106.67      5.33
03:15:24 AM     12.67     12.33      0.33     98.67      8.00
03:15:27 AM     14.67     13.33      1.33    106.67      8.00
03:15:30 AM     12.33     12.00      0.33     96.00      8.00
03:15:33 AM     11.71     11.37      0.33     90.97      0.00
03:15:36 AM     13.33     13.00      0.33    104.00      5.33
03:15:39 AM     12.96     12.62      0.33    101.00      2.66
03:15:42 AM     13.38     13.04      0.33    104.35      5.35
03:15:45 AM     13.25     12.91      0.33    113.91      2.65
03:15:48 AM     12.71     12.37      0.33    109.70      5.35
03:15:51 AM     13.95     13.29      0.66    106.31      5.32
03:15:54 AM     14.05     13.71      0.33    109.70      5.35
03:15:57 AM     12.96     12.29      0.66    108.97      5.32
03:16:00 AM     13.04     12.71      0.33    112.37      5.35
03:16:03 AM     11.63     11.30      0.33     90.37      2.66
03:16:06 AM     12.37     12.04      0.33     96.32      5.35
03:16:09 AM     12.96     12.62      0.33    101.00      2.66
03:16:12 AM     12.37     12.04      0.33     96.32     10.70
03:16:15 AM     12.29     11.96      0.33     95.68      0.00
03:16:18 AM     11.71     11.04      0.67     88.29      8.03
03:16:21 AM     13.67     13.67      0.00    120.00      0.00
03:16:24 AM     14.00     13.33      0.67    106.67      8.00
03:16:27 AM     13.67     13.00      0.67    104.00      5.33
03:16:30 AM     12.67     12.00      0.67    106.67     13.33
03:16:33 AM     12.33     12.00      0.33     96.00      2.67
03:16:36 AM     13.00     12.33      0.67     98.67      8.00
Average:        10.16      6.53      3.63     94.49    674.91
