Linux 4.2.2 (vm2_114) 	07/18/2017 	_x86_64_	(1 CPU)

06:16:37 AM       tps      rtps      wtps   bread/s   bwrtn/s
06:16:40 AM     12.33     12.33      0.00    357.33      0.00
06:16:43 AM      0.66      0.00      0.66      0.00     21.26
06:16:46 AM      0.00      0.00      0.00      0.00      0.00
06:16:49 AM      1.00      0.00      1.00      0.00     10.63
06:16:52 AM      0.00      0.00      0.00      0.00      0.00
06:16:55 AM      0.67      0.00      0.67      0.00      8.00
06:16:58 AM      0.00      0.00      0.00      0.00      0.00
06:17:01 AM      0.66      0.00      0.66      0.00      7.97
06:17:04 AM      0.00      0.00      0.00      0.00      0.00
06:17:07 AM      0.67      0.00      0.67      0.00      8.03
06:17:10 AM      0.00      0.00      0.00      0.00      0.00
06:17:13 AM      1.66      0.33      1.33      2.66     26.58
06:17:16 AM      0.00      0.00      0.00      0.00      0.00
06:17:19 AM      3.33      0.00      3.33      0.00     32.00
06:17:22 AM      0.00      0.00      0.00      0.00      0.00
06:17:25 AM      0.66      0.00      0.66      0.00      7.97
06:17:28 AM      0.00      0.00      0.00      0.00      0.00
06:17:31 AM      0.66      0.00      0.66      0.00      7.97
06:17:34 AM      0.00      0.00      0.00      0.00      0.00
06:17:37 AM     12.96     12.29      0.66    292.36     10.63
06:17:40 AM      0.33      0.33      0.00      2.67      0.00
06:17:43 AM      0.67      0.00      0.67      0.00     10.67
06:17:46 AM      0.00      0.00      0.00      0.00      0.00
06:17:49 AM      1.34      0.00      1.34      0.00     13.38
06:17:52 AM      0.33      0.00      0.33      0.00      2.66
06:17:55 AM      0.67      0.00      0.67      0.00      8.00
06:17:58 AM      0.00      0.00      0.00      0.00      0.00
06:18:01 AM      0.67      0.00      0.67      0.00      8.00
06:18:04 AM      0.00      0.00      0.00      0.00      0.00
06:18:07 AM      0.66      0.00      0.66      0.00      7.97
06:18:10 AM      0.00      0.00      0.00      0.00      0.00
06:18:13 AM      0.66      0.00      0.66      0.00     10.63
06:18:16 AM      0.00      0.00      0.00      0.00      0.00
06:18:19 AM      0.66      0.00      0.66      0.00      7.97
06:18:22 AM      0.67      0.00      0.67      0.00      5.33
06:18:25 AM      0.66      0.00      0.66      0.00      7.97
06:18:28 AM      0.33      0.00      0.33      0.00      2.66
06:18:31 AM      0.67      0.00      0.67      0.00      8.00
06:18:34 AM      0.00      0.00      0.00      0.00      0.00
06:18:37 AM      0.66      0.00      0.66      0.00      7.97
06:18:40 AM      0.00      0.00      0.00      0.00      0.00
06:18:43 AM      0.67      0.00      0.67      0.00      8.00
06:18:46 AM      0.00      0.00      0.00      0.00      0.00
06:18:49 AM      0.67      0.00      0.67      0.00      8.00
06:18:52 AM      0.00      0.00      0.00      0.00      0.00
06:18:55 AM      0.67      0.00      0.67      0.00      8.00
06:18:58 AM      0.66      0.00      0.66      0.00      5.32
06:19:01 AM      0.67      0.00      0.67      0.00      8.00
06:19:04 AM      0.00      0.00      0.00      0.00      0.00
06:19:07 AM      0.67      0.00      0.67      0.00      8.03
06:19:10 AM      0.00      0.00      0.00      0.00      0.00
06:19:13 AM      0.67      0.00      0.67      0.00     10.67
06:19:16 AM      0.00      0.00      0.00      0.00      0.00
06:19:19 AM      0.66      0.00      0.66      0.00      7.95
06:19:22 AM      0.00      0.00      0.00      0.00      0.00
06:19:25 AM      0.67      0.00      0.67      0.00      8.00
06:19:28 AM      0.00      0.00      0.00      0.00      0.00
06:19:31 AM      0.67      0.00      0.67      0.00      8.00
06:19:34 AM      0.66      0.00      0.66      0.00      5.32
06:19:37 AM      1.33      0.00      1.33      0.00     13.33
06:19:40 AM      0.00      0.00      0.00      0.00      0.00
06:19:48 AM    271.44    162.25    109.19   1965.22  25236.36
06:19:53 AM    138.87    138.87      0.00   1419.08      0.00
06:19:56 AM    164.33    163.67      0.67   1752.00      8.00
06:19:59 AM    181.00    181.00      0.00   1629.33      0.00
06:20:02 AM    114.33    113.67      0.67   1037.33      8.00
06:20:05 AM    107.00    107.00      0.00    994.67      0.00
06:20:08 AM     83.00     82.33      0.67    869.33      8.00
06:20:11 AM     58.00     58.00      0.00    584.00      0.00
06:20:14 AM     81.67     81.00      0.67   1064.00      8.00
06:20:17 AM     83.39     83.39      0.00    815.95      0.00
06:20:20 AM     64.67     64.00      0.67    608.00     10.67
06:20:23 AM     37.33     37.00      0.33    405.33      2.67
06:20:26 AM     36.00     35.67      0.33    354.67     10.67
06:20:29 AM     36.00     35.00      1.00    925.33      5.33
06:20:32 AM     53.67     53.00      0.67    480.00     18.67
06:20:35 AM     22.00     20.67      1.33    176.00     24.00
06:20:38 AM     21.00     21.00      0.00    194.67      0.00
06:20:41 AM     19.67     19.00      0.67    165.33     10.67
06:20:44 AM     31.67     31.33      0.33   1048.00      5.33
06:20:47 AM     19.73     19.40      0.33    176.59      2.68
06:20:50 AM     20.86     20.20      0.66    161.59      7.95
06:20:53 AM     26.42     23.75      2.68    192.64     24.08
06:20:56 AM     28.33     27.00      1.33    237.33     13.33
06:20:59 AM     28.57     28.57      0.00    268.44      0.00
06:21:02 AM     31.33     30.00      1.33    269.33     13.33
06:21:05 AM     31.33     31.33      0.00    261.33      0.00
06:21:08 AM     33.33     32.67      0.67    261.33      8.00
06:21:11 AM     25.33     25.33      0.00    202.67      0.00
06:21:14 AM     23.00     22.33      0.67    200.00      8.00
06:21:17 AM     22.33     22.33      0.00    178.67      0.00
06:21:20 AM     21.00     20.33      0.67    162.67     10.67
06:21:23 AM     19.00     19.00      0.00    173.33      0.00
06:21:26 AM     19.67     18.67      1.00    149.33     10.67
06:21:29 AM     19.33     19.33      0.00    168.00      0.00
06:21:32 AM     21.00     20.00      1.00    170.67     10.67
06:21:35 AM     21.33     21.33      0.00    170.67      0.00
06:21:38 AM     21.33     20.33      1.00    162.67     10.67
06:21:41 AM     22.00     22.00      0.00    186.67      0.00
06:21:44 AM     23.92     23.26      0.66    215.28      7.97
06:21:47 AM     20.74     20.74      0.00    165.89      0.00
06:21:50 AM     20.60     19.93      0.66    178.07      7.97
06:21:53 AM     20.27     20.27      0.00    183.39      0.00
06:21:56 AM     24.08     23.41      0.67    187.29      8.03
06:21:59 AM     20.67     20.67      0.00    173.33      0.00
06:22:02 AM     21.67     21.00      0.67    176.00      8.00
06:22:05 AM     24.75     24.75      0.00    222.07      0.00
06:22:08 AM     24.92     23.59      1.33    199.34     18.60
06:22:11 AM     22.33     21.33      1.00    186.67      8.00
06:22:14 AM     23.26     22.59      0.66    217.94      7.97
Average:        26.67     22.92      3.75    245.49    763.18
