Linux 4.2.2 (vm2_114) 	07/18/2017 	_x86_64_	(1 CPU)

06:09:55 AM       tps      rtps      wtps   bread/s   bwrtn/s
06:09:58 AM      0.00      0.00      0.00      0.00      0.00
06:10:01 AM      1.00      0.33      0.67     40.00     21.33
06:10:04 AM     38.13     37.79      0.33    816.05      2.68
06:10:07 AM     26.82     25.83      0.99    206.62     18.54
06:10:10 AM      2.00      0.00      2.00      0.00     16.00
06:10:13 AM      0.67      0.00      0.67      0.00     13.38
06:10:16 AM      0.00      0.00      0.00      0.00      0.00
06:10:19 AM      0.66      0.00      0.66      0.00      7.97
06:10:22 AM      0.00      0.00      0.00      0.00      0.00
06:10:25 AM      0.67      0.00      0.67      0.00      8.00
06:10:28 AM      0.00      0.00      0.00      0.00      0.00
06:10:31 AM      1.33      0.00      1.33      0.00     24.00
06:10:34 AM      0.33      0.00      0.33      0.00      2.66
06:10:37 AM      0.67      0.00      0.67      0.00      8.00
06:10:40 AM      0.33      0.00      0.33      0.00      2.66
06:10:43 AM      0.67      0.00      0.67      0.00      8.03
06:10:46 AM      1.66      0.00      1.66      0.00     15.95
06:10:49 AM      0.66      0.00      0.66      0.00      7.95
06:10:52 AM      0.00      0.00      0.00      0.00      0.00
06:10:55 AM      0.67      0.00      0.67      0.00      8.00
06:10:58 AM      0.00      0.00      0.00      0.00      0.00
06:11:01 AM      0.66      0.00      0.66      0.00      7.97
06:11:04 AM      0.67      0.00      0.67      0.00      5.33
06:11:07 AM      0.67      0.00      0.67      0.00      8.00
06:11:10 AM      0.00      0.00      0.00      0.00      0.00
06:11:13 AM      0.66      0.00      0.66      0.00     10.63
06:11:16 AM      0.00      0.00      0.00      0.00      0.00
06:11:19 AM      1.34      0.00      1.34      0.00     13.38
06:11:22 AM      0.00      0.00      0.00      0.00      0.00
06:11:25 AM      0.66      0.00      0.66      0.00      7.97
06:11:28 AM      0.00      0.00      0.00      0.00      0.00
06:11:31 AM      0.67      0.00      0.67      0.00      8.00
06:11:34 AM      0.00      0.00      0.00      0.00      0.00
06:11:37 AM      0.66      0.00      0.66      0.00      7.97
06:11:40 AM      0.67      0.00      0.67      0.00      5.33
06:11:43 AM      0.67      0.00      0.67      0.00      8.00
06:11:46 AM      0.00      0.00      0.00      0.00      0.00
06:11:49 AM      0.67      0.00      0.67      0.00      8.00
06:11:52 AM      0.00      0.00      0.00      0.00      0.00
06:11:55 AM      0.66      0.00      0.66      0.00      7.97
06:11:58 AM      0.00      0.00      0.00      0.00      0.00
06:12:01 AM      0.66      0.00      0.66      0.00      7.97
06:12:04 AM      0.00      0.00      0.00      0.00      0.00
06:12:07 AM      0.66      0.00      0.66      0.00      7.97
06:12:10 AM      0.00      0.00      0.00      0.00      0.00
06:12:13 AM      0.67      0.00      0.67      0.00     10.70
06:12:16 AM      0.67      0.00      0.67      0.00      5.33
06:12:19 AM      0.66      0.00      0.66      0.00      7.97
06:12:22 AM      0.00      0.00      0.00      0.00      0.00
06:12:25 AM      0.67      0.00      0.67      0.00      8.00
06:12:28 AM      0.00      0.00      0.00      0.00      0.00
06:12:31 AM      0.67      0.00      0.67      0.00      8.00
06:12:34 AM      0.33      0.00      0.33      0.00      2.67
06:12:37 AM      0.67      0.00      0.67      0.00      8.00
06:12:40 AM      0.00      0.00      0.00      0.00      0.00
06:12:43 AM      0.67      0.00      0.67      0.00     10.70
06:12:46 AM      0.00      0.00      0.00      0.00      0.00
06:12:49 AM      1.34      0.00      1.34      0.00     13.38
06:12:52 AM      0.00      0.00      0.00      0.00      0.00
06:12:55 AM      0.67      0.00      0.67      0.00      8.00
06:13:01 AM    166.74     38.97    127.77    936.85  28472.23
06:13:07 AM    293.93    293.46      0.47   3177.57      7.48
06:13:10 AM    376.19    375.85      0.34   3673.47      2.72
06:13:13 AM    336.43    335.74      0.69   3178.01     11.00
06:13:16 AM    340.55    340.55      0.00   3079.04      0.00
06:13:19 AM    393.29    392.62      0.67   3280.54     10.74
06:13:22 AM    392.98    392.98      0.00   3240.13      0.00
06:13:25 AM    422.00    421.67      0.33   3512.00      8.00
06:13:28 AM    507.33    507.00      0.33   4298.67      0.00
06:13:31 AM    422.33    421.67      0.67   3528.00      8.00
06:13:34 AM    431.23    430.90      0.33   3611.96      2.66
06:13:37 AM    437.12    436.79      0.33   3756.52      5.35
06:13:40 AM    438.54    438.21      0.33   3689.04      2.66
06:13:43 AM    360.20    359.20      1.00   3028.76     18.73
06:13:46 AM    276.33    271.33      5.00   2285.33    738.67
06:13:49 AM    299.67    278.41     21.26   2506.31   4380.07
06:13:52 AM    235.79    234.45      1.34   2044.15    294.31
06:13:55 AM    222.92    213.95      8.97   1937.54   1485.71
06:13:58 AM    172.33    169.33      3.00   1536.00    589.33
06:14:01 AM     84.28     80.27      4.01    706.35    618.06
06:14:04 AM     60.80     57.14      3.65    744.19    600.66
06:14:07 AM     71.67     63.00      8.67    888.00   1170.67
06:14:10 AM     78.67     73.67      5.00   1048.00    816.00
06:14:13 AM     76.08     72.43      3.65    924.92    547.51
06:14:16 AM     71.57     71.57      0.00    687.63      0.00
06:14:19 AM     90.00     84.33      5.67    885.33    962.67
06:14:22 AM     75.75     75.75      0.00    669.77      0.00
06:14:25 AM     81.00     77.67      3.33    690.67    586.67
06:14:28 AM     72.33     69.00      3.33    658.67    496.00
06:14:31 AM     81.94     77.59      4.35    730.43    931.10
06:14:34 AM     61.13     61.13      0.00    550.17      0.00
06:14:37 AM     83.96     51.18     32.78    590.57   7958.49
06:14:40 AM     68.93     68.93      0.00   1107.34      0.00
06:14:43 AM     50.33     49.67      0.67    832.00      8.00
06:14:46 AM     53.00     52.67      0.33    754.67      2.67
06:14:49 AM     48.00     47.33      0.67    421.33      8.00
06:14:52 AM     41.47     41.14      0.33    366.56      2.68
06:14:55 AM     36.00     35.33      0.67    309.33      8.00
06:14:58 AM     36.88     36.88      0.00    305.65      0.00
06:15:01 AM     44.48     43.81      0.67   1110.37      8.03
06:15:04 AM     39.53     39.53      0.00    374.75      0.00
06:15:07 AM     40.33     39.67      0.67    328.00      8.00
06:15:10 AM     34.67     34.33      0.33    458.67      2.67
06:15:13 AM     55.33     54.67      0.67    709.33     10.67
06:15:16 AM     37.00     37.00      0.00    309.33      0.00
06:15:19 AM     34.33     33.00      1.33    288.00     18.67
06:15:22 AM     35.67     35.67      0.00    309.33      0.00
06:15:25 AM     40.33     39.67      0.67    368.00      8.00
06:15:28 AM     38.00     37.67      0.33    314.67      2.67
06:15:31 AM     32.67     32.00      0.67    256.00      8.00
Average:        77.13     72.00      5.13    685.55   1036.21
