Linux 4.2.2 (vm2_114) 	07/18/2017 	_x86_64_	(1 CPU)

06:36:40 AM       tps      rtps      wtps   bread/s   bwrtn/s
06:36:43 AM      0.00      0.00      0.00      0.00      0.00
06:36:46 AM      0.66      0.00      0.66      0.00     21.26
06:36:49 AM      0.33      0.00      0.33      0.00      2.67
06:36:52 AM      0.67      0.00      0.67      0.00      8.00
06:36:55 AM      0.00      0.00      0.00      0.00      0.00
06:36:58 AM      0.66      0.00      0.66      0.00      7.97
06:37:01 AM      0.00      0.00      0.00      0.00      0.00
06:37:04 AM      0.66      0.00      0.66      0.00      7.97
06:37:07 AM      0.00      0.00      0.00      0.00      0.00
06:37:10 AM      0.66      0.00      0.66      0.00      7.95
06:37:13 AM      0.67      0.33      0.33      2.68      2.68
06:37:16 AM      0.67      0.00      0.67      0.00     13.33
06:37:19 AM      2.33      0.00      2.33      0.00     18.60
06:37:22 AM      0.67      0.00      0.67      0.00     16.00
06:37:25 AM      0.00      0.00      0.00      0.00      0.00
06:37:28 AM      0.66      0.00      0.66      0.00      7.97
06:37:31 AM      0.00      0.00      0.00      0.00      0.00
06:37:34 AM      0.66      0.00      0.66      0.00      7.97
06:37:37 AM      0.00      0.00      0.00      0.00      0.00
06:37:40 AM     13.33     12.67      0.67    296.00     10.67
06:37:43 AM      0.33      0.33      0.00      2.66      0.00
06:37:46 AM      0.67      0.00      0.67      0.00      8.03
06:37:49 AM      0.33      0.00      0.33      0.00      2.67
06:37:52 AM      0.67      0.00      0.67      0.00      8.00
06:37:55 AM      1.33      0.00      1.33      0.00     10.63
06:37:58 AM      0.66      0.00      0.66      0.00      7.97
06:38:01 AM      0.00      0.00      0.00      0.00      0.00
06:38:04 AM      0.67      0.00      0.67      0.00      8.00
06:38:07 AM      0.00      0.00      0.00      0.00      0.00
06:38:10 AM      0.99      0.00      0.99      0.00     10.60
06:38:13 AM      0.00      0.00      0.00      0.00      0.00
06:38:16 AM      0.67      0.00      0.67      0.00      8.03
06:38:19 AM      0.00      0.00      0.00      0.00      0.00
06:38:22 AM      0.67      0.00      0.67      0.00     10.67
06:38:25 AM      0.33      0.00      0.33      0.00      2.66
06:38:28 AM      1.67      0.00      1.67      0.00     16.00
06:38:31 AM      0.00      0.00      0.00      0.00      0.00
06:38:34 AM      0.66      0.00      0.66      0.00      7.97
06:38:37 AM      0.00      0.00      0.00      0.00      0.00
06:38:40 AM      0.67      0.00      0.67      0.00      8.00
06:38:43 AM      0.00      0.00      0.00      0.00      0.00
06:38:46 AM      0.67      0.00      0.67      0.00      8.00
06:38:49 AM      0.00      0.00      0.00      0.00      0.00
06:38:52 AM      0.67      0.00      0.67      0.00      8.00
06:38:55 AM      0.00      0.00      0.00      0.00      0.00
06:38:58 AM      1.00      0.00      1.00      0.00     10.70
06:39:01 AM      0.00      0.00      0.00      0.00      0.00
06:39:04 AM      1.00      0.00      1.00      0.00     10.67
06:39:07 AM      0.00      0.00      0.00      0.00      0.00
06:39:10 AM      0.67      0.00      0.67      0.00      8.00
06:39:13 AM      0.00      0.00      0.00      0.00      0.00
06:39:16 AM      0.66      0.00      0.66      0.00      7.97
06:39:19 AM      0.00      0.00      0.00      0.00      0.00
06:39:22 AM      0.66      0.00      0.66      0.00     10.63
06:39:25 AM      0.00      0.00      0.00      0.00      0.00
06:39:28 AM      0.67      0.00      0.67      0.00      8.00
06:39:31 AM      0.00      0.00      0.00      0.00      0.00
06:39:34 AM      1.00      0.00      1.00      0.00     10.63
06:39:37 AM      0.00      0.00      0.00      0.00      0.00
06:39:40 AM      1.00      0.00      1.00      0.00     10.63
06:39:43 AM      0.33      0.00      0.33      0.00      2.67
06:39:48 AM    156.41     55.31    101.10   1410.21  20827.59
06:39:51 AM     90.28     90.28      0.00   1122.22      0.00
06:39:54 AM    170.23    170.23      0.00   1707.02      0.00
06:39:57 AM    115.23    114.57      0.66   1311.26      7.95
06:40:00 AM    174.67    174.00      0.67   1472.00      8.00
06:40:03 AM    100.66    100.66      0.00   1001.99      0.00
06:40:06 AM    125.00    124.67      0.33   1325.33      8.00
06:40:09 AM     80.33     80.00      0.33    861.33      0.00
06:40:12 AM     95.99     95.65      0.33    899.00      8.03
06:40:15 AM    125.25    124.92      0.33   1273.09      0.00
06:40:18 AM     86.96     77.59      9.36   1434.11   2220.74
06:40:21 AM     87.67     86.00      1.67    949.33    322.67
06:40:24 AM     74.33     68.00      6.33    568.00    789.33
06:40:27 AM     36.00     36.00      0.00    298.67      0.00
06:40:30 AM     72.76     72.09      0.66    613.95     15.95
06:40:33 AM     74.92     74.58      0.33    655.52      8.03
06:40:36 AM     44.00     43.67      0.33    440.00      0.00
06:40:39 AM     58.00     57.67      0.33    477.33      8.00
06:40:42 AM     65.12     64.78      0.33    616.61      0.00
06:40:45 AM     21.67     21.33      0.33    192.00      8.00
06:40:48 AM     36.54     36.21      0.33    720.27      0.00
06:40:51 AM     19.00     17.33      1.67    512.00     26.67
06:40:54 AM     27.76     25.08      2.68    345.15     24.08
06:40:57 AM     31.00     30.33      0.67    264.00      8.00
06:41:00 AM     29.00     28.33      0.67    237.33      5.33
06:41:03 AM     32.00     31.33      0.67    341.33      8.00
06:41:06 AM     30.00     30.00      0.00    248.00      0.00
06:41:09 AM     27.24     26.58      0.66    215.28      7.97
06:41:12 AM     27.09     27.09      0.00    363.88      0.00
06:41:15 AM     27.67     27.00      0.67    232.00      8.00
06:41:18 AM     40.07     37.75      2.32    545.70    511.26
06:41:21 AM     27.67     27.00      0.67    218.67     10.67
06:41:24 AM     29.00     29.00      0.00    314.67      0.00
06:41:27 AM     37.00     26.67     10.33    336.00   2357.33
06:41:30 AM     28.67     28.00      0.67    224.00      5.33
06:41:33 AM     29.00     28.33      0.67    226.67      8.00
06:41:36 AM     31.44     31.10      0.33    248.83      2.68
06:41:39 AM     27.24     26.58      0.66    212.62      7.97
06:41:42 AM     27.00     27.00      0.00    216.00      0.00
06:41:45 AM     55.48     44.19     11.30   1129.57   2405.32
06:41:48 AM     31.67     31.67      0.00    253.33      0.00
06:41:51 AM     30.77     30.10      0.67    240.80      8.03
06:41:54 AM     27.67     27.67      0.00    221.33      0.00
06:41:57 AM     26.67     26.33      0.33    210.67      8.00
06:42:00 AM     29.67     29.33      0.33    234.67      0.00
06:42:03 AM     31.67     30.67      1.00    330.67     74.67
06:42:06 AM     29.57     28.90      0.66    239.20      5.32
06:42:09 AM     29.67     28.67      1.00    229.33     16.00
06:42:12 AM     28.57     28.57      0.00    228.57      0.00
Average:        26.52     23.51      3.01    265.78    538.15
