Linux 4.2.2 (vm2_114) 	07/18/2017 	_x86_64_	(1 CPU)

06:56:44 AM       tps      rtps      wtps   bread/s   bwrtn/s
06:56:47 AM      1.00      0.33      0.66     85.05     21.26
06:56:50 AM      0.00      0.00      0.00      0.00      0.00
06:56:53 AM      0.67      0.00      0.67      0.00     18.73
06:56:56 AM      0.00      0.00      0.00      0.00      0.00
06:56:59 AM      1.00      0.00      1.00      0.00     10.67
06:57:02 AM      0.33      0.33      0.00      2.66      0.00
06:57:05 AM      0.66      0.00      0.66      0.00      7.97
06:57:08 AM      1.67      0.00      1.67      0.00     13.33
06:57:11 AM      0.67      0.00      0.67      0.00      8.00
06:57:14 AM      0.00      0.00      0.00      0.00      0.00
06:57:17 AM      1.00      0.00      1.00      0.00     16.00
06:57:20 AM      0.00      0.00      0.00      0.00      0.00
06:57:23 AM      0.99      0.00      0.99      0.00     18.54
06:57:26 AM      0.00      0.00      0.00      0.00      0.00
06:57:29 AM      0.67      0.00      0.67      0.00      8.00
06:57:32 AM      0.00      0.00      0.00      0.00      0.00
06:57:35 AM      0.67      0.00      0.67      0.00      8.03
06:57:38 AM      1.33      1.33      0.00    205.33      0.00
06:57:41 AM      1.00      0.33      0.67      2.67     10.67
06:57:44 AM      1.33      0.00      1.33      0.00     13.29
06:57:47 AM      0.67      0.00      0.67      0.00      8.00
06:57:50 AM      0.00      0.00      0.00      0.00      0.00
06:57:53 AM      1.00      0.00      1.00      0.00     10.67
06:57:56 AM      0.00      0.00      0.00      0.00      0.00
06:57:59 AM      1.00      0.00      1.00      0.00     10.67
06:58:02 AM      0.00      0.00      0.00      0.00      0.00
06:58:05 AM      0.67      0.00      0.67      0.00      8.00
06:58:08 AM      0.00      0.00      0.00      0.00      0.00
06:58:11 AM      0.67      0.00      0.67      0.00      8.00
06:58:14 AM      0.00      0.00      0.00      0.00      0.00
06:58:17 AM      0.66      0.00      0.66      0.00      7.97
06:58:20 AM      0.00      0.00      0.00      0.00      0.00
06:58:23 AM      0.67      0.00      0.67      0.00     10.67
06:58:26 AM      0.00      0.00      0.00      0.00      0.00
06:58:29 AM      1.00      0.00      1.00      0.00     10.67
06:58:32 AM      0.33      0.00      0.33      0.00      2.67
06:58:35 AM      0.66      0.00      0.66      0.00      7.97
06:58:38 AM      0.00      0.00      0.00      0.00      0.00
06:58:41 AM      0.67      0.00      0.67      0.00      8.00
06:58:44 AM      0.00      0.00      0.00      0.00      0.00
06:58:47 AM      0.66      0.00      0.66      0.00      7.97
06:58:50 AM      0.00      0.00      0.00      0.00      0.00
06:58:53 AM      0.66      0.00      0.66      0.00      7.97
06:58:56 AM      0.00      0.00      0.00      0.00      0.00
06:58:59 AM      1.00      0.00      1.00      0.00     10.63
06:59:02 AM      0.33      0.00      0.33      0.00      2.67
06:59:05 AM      0.67      0.00      0.67      0.00      8.00
06:59:08 AM      0.33      0.00      0.33      0.00      2.67
06:59:11 AM      0.67      0.00      0.67      0.00      8.00
06:59:14 AM      0.00      0.00      0.00      0.00      0.00
06:59:17 AM      0.67      0.00      0.67      0.00      8.00
06:59:20 AM      0.00      0.00      0.00      0.00      0.00
06:59:23 AM      0.66      0.00      0.66      0.00     10.63
06:59:26 AM      0.00      0.00      0.00      0.00      0.00
06:59:29 AM      0.66      0.00      0.66      0.00      7.97
06:59:32 AM      0.33      0.00      0.33      0.00      2.67
06:59:35 AM      0.66      0.00      0.66      0.00      7.97
06:59:38 AM      0.33      0.00      0.33      0.00      2.67
06:59:41 AM      0.67      0.00      0.67      0.00      8.00
06:59:44 AM      0.33      0.00      0.33      0.00      2.66
06:59:47 AM      0.67      0.00      0.67      0.00      8.00
06:59:54 AM    369.74     67.03    302.71   1259.87  66125.81
06:59:59 AM    106.27     53.51     52.77    758.67  12371.96
07:00:02 AM     61.62     61.28      0.34    700.34      2.69
07:00:05 AM     82.55     82.21      0.34    939.60      5.37
07:00:08 AM     78.52     78.19      0.34    687.25      2.68
07:00:11 AM     65.77     65.44      0.34    649.66      5.37
07:00:14 AM     68.24     67.91      0.34    797.30      2.70
07:00:17 AM     71.33     70.67      0.67    658.67      8.00
07:00:20 AM     96.35     96.35      0.00    914.29      0.00
07:00:23 AM     76.33     75.33      1.00    733.33     10.67
07:00:26 AM     86.38     86.38      0.00    938.21      0.00
07:00:29 AM     71.67     71.33      0.33    680.00     10.67
07:00:32 AM     65.78     64.45      1.33    656.48     15.95
07:00:35 AM     57.19     57.19      0.00    923.08      0.00
07:00:38 AM     58.00     57.33      0.67    498.67     21.33
07:00:41 AM     63.67     62.33      1.33    541.33     16.00
07:00:44 AM     69.67     69.67      0.00    557.33      0.00
07:00:47 AM     80.33     79.67      0.67    637.33     10.67
07:00:50 AM     64.31     64.31      0.00    538.72      0.00
07:00:53 AM     65.00     64.33      0.67    680.00      8.00
07:00:56 AM     56.00     56.00      0.00    658.67      0.00
07:00:59 AM     69.33     66.67      2.67    920.00     26.67
07:01:02 AM     54.67     53.67      1.00    461.33      5.33
07:01:05 AM     68.56     67.89      0.67    596.66     21.40
07:01:08 AM     47.51     47.18      0.33    605.98      2.66
07:01:11 AM     55.33     54.67      0.67    674.67     13.33
07:01:14 AM     60.20     59.87      0.33    478.93      2.68
07:01:17 AM     41.53     40.86      0.66    326.91      7.97
07:01:20 AM     54.67     54.67      0.00    448.00      0.00
07:01:23 AM     52.51     51.84      0.67    414.72      8.03
07:01:26 AM     46.67     46.67      0.00    373.33      0.00
07:01:29 AM     52.65     51.99      0.66    415.89     10.60
07:01:32 AM     54.00     53.67      0.33    429.33      2.67
07:01:35 AM     65.67     65.33      0.33    522.67      8.00
07:01:38 AM     61.00     58.67      2.33    469.33     16.00
07:01:41 AM     73.00     72.33      0.67    589.33      8.00
07:01:44 AM     72.76     72.09      0.66    576.74      5.32
07:01:47 AM     69.33     68.33      1.00    546.67     10.67
07:01:50 AM     77.67     77.67      0.00    621.33      0.00
07:01:53 AM     78.60     77.93      0.67    623.41      8.03
07:01:56 AM     76.67     76.67      0.00    613.33      0.00
07:01:59 AM     73.09     72.76      0.33    582.06      5.32
07:02:02 AM     63.67     63.33      0.33    506.67      2.67
07:02:05 AM     74.92     74.58      0.33    604.68      5.35
07:02:08 AM     67.11     66.11      1.00    539.53      7.97
07:02:11 AM     70.33     69.67      0.67    557.33     13.33
07:02:14 AM     69.90     69.23      0.67    553.85      5.35
07:02:17 AM     73.00     72.33      0.67    578.67      8.00
07:02:20 AM     67.44     67.44      0.00    539.53      0.00
Average:        39.20     29.99      9.21    298.09   1920.50
