Linux 4.2.2 (vm2_114) 	07/18/2017 	_x86_64_	(1 CPU)

06:29:52 AM       tps      rtps      wtps   bread/s   bwrtn/s
06:29:55 AM     11.67     11.67      0.00    258.67      0.00
06:29:58 AM      0.66      0.00      0.66      0.00     21.26
06:30:01 AM      1.67      1.67      0.00    133.33      0.00
06:30:04 AM     35.79     34.45      1.34    513.71     13.38
06:30:07 AM     30.56     28.90      1.66    478.41     23.92
06:30:10 AM      0.00      0.00      0.00      0.00      0.00
06:30:13 AM      2.67      0.00      2.67      0.00     34.67
06:30:16 AM      0.00      0.00      0.00      0.00      0.00
06:30:19 AM      0.66      0.00      0.66      0.00     10.63
06:30:22 AM      0.00      0.00      0.00      0.00      0.00
06:30:25 AM      0.67      0.00      0.67      0.00      8.03
06:30:28 AM      0.66      0.00      0.66      0.00      5.32
06:30:31 AM      0.66      0.00      0.66      0.00     18.60
06:30:34 AM      0.00      0.00      0.00      0.00      0.00
06:30:37 AM      1.33      0.00      1.33      0.00     13.29
06:30:40 AM      0.00      0.00      0.00      0.00      0.00
06:30:43 AM      0.67      0.00      0.67      0.00      8.00
06:30:46 AM      1.99      0.00      1.99      0.00     18.60
06:30:49 AM      0.67      0.00      0.67      0.00      8.03
06:30:52 AM      0.00      0.00      0.00      0.00      0.00
06:30:55 AM      0.67      0.00      0.67      0.00      8.00
06:30:58 AM      0.00      0.00      0.00      0.00      0.00
06:31:01 AM      1.33      0.00      1.33      0.00     13.33
06:31:04 AM      0.00      0.00      0.00      0.00      0.00
06:31:07 AM      0.67      0.00      0.67      0.00      8.03
06:31:10 AM      0.00      0.00      0.00      0.00      0.00
06:31:13 AM      0.67      0.00      0.67      0.00      8.00
06:31:16 AM      0.00      0.00      0.00      0.00      0.00
06:31:19 AM      0.66      0.00      0.66      0.00     10.63
06:31:22 AM      0.33      0.00      0.33      0.00      2.67
06:31:25 AM      0.67      0.00      0.67      0.00      8.00
06:31:28 AM      0.00      0.00      0.00      0.00      0.00
06:31:31 AM      0.67      0.00      0.67      0.00      8.00
06:31:34 AM      0.00      0.00      0.00      0.00      0.00
06:31:37 AM      1.33      0.00      1.33      0.00     13.33
06:31:40 AM      0.00      0.00      0.00      0.00      0.00
06:31:43 AM      0.67      0.00      0.67      0.00      8.00
06:31:46 AM      0.00      0.00      0.00      0.00      0.00
06:31:49 AM      0.66      0.00      0.66      0.00      7.97
06:31:52 AM      0.00      0.00      0.00      0.00      0.00
06:31:55 AM      0.67      0.00      0.67      0.00      8.00
06:31:58 AM      0.00      0.00      0.00      0.00      0.00
06:32:01 AM      0.66      0.00      0.66      0.00      7.97
06:32:04 AM      0.00      0.00      0.00      0.00      0.00
06:32:07 AM      0.67      0.00      0.67      0.00      8.00
06:32:10 AM      0.00      0.00      0.00      0.00      0.00
06:32:13 AM      1.33      0.00      1.33      0.00     13.29
06:32:16 AM      0.00      0.00      0.00      0.00      0.00
06:32:19 AM      0.66      0.00      0.66      0.00     10.63
06:32:22 AM      0.00      0.00      0.00      0.00      0.00
06:32:25 AM      0.67      0.00      0.67      0.00      8.00
06:32:28 AM      0.00      0.00      0.00      0.00      0.00
06:32:31 AM      1.33      0.00      1.33      0.00     13.33
06:32:34 AM      0.00      0.00      0.00      0.00      0.00
06:32:37 AM      0.66      0.00      0.66      0.00     10.63
06:32:40 AM      0.00      0.00      0.00      0.00      0.00
06:32:43 AM      0.66      0.00      0.66      0.00      7.97
06:32:46 AM      0.67      0.00      0.67      0.00      5.33
06:32:49 AM      0.67      0.00      0.67      0.00      8.00
06:32:52 AM      0.00      0.00      0.00      0.00      0.00
06:32:55 AM      0.67      0.00      0.67      0.00      8.00
06:33:00 AM    203.86     78.31    125.55   1844.12  24838.24
06:33:02 AM     42.15     41.32      0.83    978.51     19.83
06:33:05 AM     47.67     47.33      0.33    856.00      0.00
06:33:08 AM     83.00     82.33      0.67   1288.00      8.00
06:33:11 AM     14.33     14.33      0.00    157.33      0.00
06:33:14 AM     17.55     16.89      0.66    156.29      7.95
06:33:17 AM     46.67     46.67      0.00    762.67      0.00
06:33:20 AM     22.59     21.93      0.66    186.05     10.63
06:33:23 AM     26.09     26.09      0.00    224.75      0.00
06:33:26 AM     21.33     20.67      0.67    165.33      8.00
06:33:29 AM     25.33     25.33      0.00    274.67      0.00
06:33:32 AM     25.33     24.33      1.00    194.67     10.67
06:33:35 AM     24.00     23.67      0.33    202.67      2.67
06:33:38 AM     29.00     28.00      1.00    378.67     16.00
06:33:41 AM     22.67     21.67      1.00    186.67      8.00
06:33:44 AM     22.59     21.93      0.66    186.05      7.97
06:33:47 AM     27.00     27.00      0.00    354.67      0.00
06:33:50 AM     25.00     24.33      0.67    200.00      8.00
06:33:53 AM     26.00     26.00      0.00    210.67      0.00
06:33:56 AM     27.33     26.67      0.67    213.33      8.00
06:33:59 AM     49.15     47.16      1.99   1156.82    493.18
06:34:02 AM     93.93     50.61     43.32   1259.92  10597.57
06:34:05 AM     41.67     41.67      0.00   1170.67      0.00
06:34:08 AM     26.00     25.33      0.67    285.33      8.00
06:34:11 AM     29.00     29.00      0.00    232.00      0.00
06:34:14 AM     27.24     26.58      0.66    212.62      7.97
06:34:17 AM     45.15     45.15      0.00    615.38      0.00
06:34:20 AM     28.33     27.67      0.67    221.33     10.67
06:34:23 AM     28.33     28.33      0.00    226.67      0.00
06:34:26 AM     31.23     30.56      0.66    244.52      7.97
06:34:29 AM     29.67     29.67      0.00    237.33      0.00
06:34:32 AM     32.33     31.33      1.00    250.67     10.67
06:34:35 AM     30.10     30.10      0.00    240.80      0.00
06:34:38 AM     24.92     23.92      1.00    191.36     10.63
06:34:41 AM     35.55     35.55      0.00    284.39      0.00
06:34:44 AM     33.33     32.33      1.00    258.67     10.67
06:34:47 AM     34.78     34.78      0.00    278.26      0.00
06:34:50 AM     27.57     26.91      0.66    217.94      7.97
06:34:53 AM     32.33     32.33      0.00    258.67      0.00
06:34:56 AM     31.67     31.00      0.67    248.00      8.00
06:34:59 AM     27.67     27.67      0.00    245.33      0.00
06:35:02 AM     27.67     27.00      0.67    226.67      8.00
06:35:05 AM     34.22     33.55      0.66    268.44      5.32
06:35:08 AM     34.33     33.67      0.67    269.33     13.33
06:35:11 AM     39.80     39.80      0.00    326.42      0.00
06:35:14 AM     33.00     32.00      1.00    264.00     10.67
06:35:17 AM     31.67     26.00      5.67    232.00   1306.67
06:35:20 AM     32.89     31.56      1.33    252.49     15.95
06:35:23 AM     35.12     35.12      0.00    280.94      0.00
Average:        18.40     15.47      2.93    197.29    510.32
