Linux 4.2.2 (vm2_114) 	07/18/2017 	_x86_64_	(1 CPU)

06:03:12 AM       tps      rtps      wtps   bread/s   bwrtn/s
06:03:15 AM      0.00      0.00      0.00      0.00      0.00
06:03:18 AM      0.67      0.00      0.67      0.00     21.33
06:03:21 AM      0.00      0.00      0.00      0.00      0.00
06:03:24 AM      1.00      0.00      1.00      0.00     10.70
06:03:27 AM      0.00      0.00      0.00      0.00      0.00
06:03:30 AM      2.67      0.00      2.67      0.00     24.00
06:03:33 AM      0.00      0.00      0.00      0.00      0.00
06:03:36 AM      0.67      0.00      0.67      0.00      8.00
06:03:39 AM      0.00      0.00      0.00      0.00      0.00
06:03:42 AM      0.66      0.00      0.66      0.00      7.95
06:03:45 AM      0.33      0.00      0.33      0.00      2.68
06:03:48 AM      1.00      0.00      1.00      0.00     21.33
06:03:51 AM      0.00      0.00      0.00      0.00      0.00
06:03:54 AM      0.67      0.00      0.67      0.00      8.00
06:03:57 AM      0.00      0.00      0.00      0.00      0.00
06:04:00 AM      0.67      0.00      0.67      0.00      8.00
06:04:03 AM      0.00      0.00      0.00      0.00      0.00
06:04:06 AM      0.66      0.00      0.66      0.00      7.97
06:04:09 AM      0.00      0.00      0.00      0.00      0.00
06:04:12 AM      0.66      0.00      0.66      0.00     10.63
06:04:15 AM      0.00      0.00      0.00      0.00      0.00
06:04:18 AM      1.00      0.00      1.00      0.00     10.70
06:04:21 AM      0.00      0.00      0.00      0.00      0.00
06:04:24 AM      2.33      0.00      2.33      0.00     23.92
06:04:27 AM      0.00      0.00      0.00      0.00      0.00
06:04:30 AM      0.67      0.00      0.67      0.00      8.00
06:04:33 AM      0.00      0.00      0.00      0.00      0.00
06:04:36 AM      0.66      0.00      0.66      0.00      7.97
06:04:39 AM      0.00      0.00      0.00      0.00      0.00
06:04:42 AM      0.67      0.00      0.67      0.00      8.00
06:04:45 AM      0.00      0.00      0.00      0.00      0.00
06:04:48 AM      0.67      0.00      0.67      0.00      8.00
06:04:51 AM      0.00      0.00      0.00      0.00      0.00
06:04:54 AM      1.00      0.00      1.00      0.00     10.67
06:04:57 AM      0.00      0.00      0.00      0.00      0.00
06:05:00 AM      1.00      0.00      1.00      0.00     10.63
06:05:03 AM      0.00      0.00      0.00      0.00      0.00
06:05:06 AM      0.67      0.00      0.67      0.00      8.00
06:05:09 AM      0.00      0.00      0.00      0.00      0.00
06:05:12 AM      0.66      0.00      0.66      0.00     10.63
06:05:15 AM      0.00      0.00      0.00      0.00      0.00
06:05:18 AM      0.67      0.00      0.67      0.00      8.03
06:05:21 AM      0.00      0.00      0.00      0.00      0.00
06:05:24 AM      0.67      0.00      0.67      0.00      8.00
06:05:27 AM      0.00      0.00      0.00      0.00      0.00
06:05:30 AM      1.00      0.00      1.00      0.00     10.63
06:05:33 AM      0.33      0.00      0.33      0.00      2.67
06:05:36 AM      0.67      0.00      0.67      0.00      8.00
06:05:39 AM      0.00      0.00      0.00      0.00      0.00
06:05:42 AM      0.67      0.00      0.67      0.00      8.00
06:05:45 AM      0.33      0.00      0.33      0.00      2.66
06:05:48 AM      0.67      0.00      0.67      0.00      8.00
06:05:51 AM      0.00      0.00      0.00      0.00      0.00
06:05:54 AM      0.67      0.00      0.67      0.00      8.00
06:05:57 AM      0.00      0.00      0.00      0.00      0.00
06:06:00 AM      0.66      0.00      0.66      0.00      7.97
06:06:03 AM      0.33      0.00      0.33      0.00      2.67
06:06:06 AM      0.66      0.00      0.66      0.00      7.95
06:06:09 AM      0.33      0.00      0.33      0.00      2.68
06:06:12 AM      0.66      0.00      0.66      0.00     10.63
06:06:15 AM      0.00      0.00      0.00      0.00      0.00
06:06:18 AM    272.89    150.80    122.09   2542.97  24636.14
06:06:21 AM     65.38     64.42      0.96   1407.69      0.00
06:06:24 AM     17.61     17.28      0.33    454.49      7.97
06:06:27 AM     21.07     20.74      0.33    401.34      0.00
06:06:30 AM     16.67     15.67      1.00    125.33     32.00
06:06:33 AM     15.95     15.95      0.00    127.57      0.00
06:06:36 AM     15.33     14.67      0.67    117.33      8.00
06:06:39 AM     15.67     15.67      0.00    133.33      0.00
06:06:42 AM     16.72     16.05      0.67    128.43      8.03
06:06:45 AM     15.95     15.95      0.00    127.57      0.00
06:06:48 AM     17.00     16.33      0.67    130.67      8.00
06:06:51 AM     15.33     15.00      0.33    130.67      2.67
06:06:54 AM     15.67     14.67      1.00    117.33     10.67
06:06:57 AM     15.33     15.00      0.33    144.00      2.67
06:07:00 AM     14.33     13.67      0.67    109.33     13.33
06:07:03 AM     25.67     25.67      0.00    352.00      0.00
06:07:06 AM     17.33     14.67      2.67    117.33    352.00
06:07:09 AM     43.14     43.14      0.00    679.60      0.00
06:07:12 AM     30.00     20.33      9.67    530.67   1957.33
06:07:15 AM     21.59     21.59      0.00    566.11      0.00
06:07:18 AM     37.00     36.33      0.67    824.00      8.00
06:07:21 AM     35.12     22.74     12.37   1115.72   3098.33
06:07:24 AM     19.00     18.00      1.00    581.33     10.67
06:07:27 AM     21.33     21.33      0.00    466.67      0.00
06:07:30 AM     19.67     18.67      1.00    328.00     10.67
06:07:33 AM     23.92     20.60      3.32    406.64    800.00
06:07:36 AM     19.67     18.00      1.67    346.67     16.00
06:07:39 AM     23.67     23.67      0.00    445.33      0.00
06:07:42 AM     21.26     20.60      0.66    337.54     10.63
06:07:45 AM     13.00     13.00      0.00    106.67      0.00
06:07:48 AM     12.71     12.04      0.67     96.32      8.03
06:07:51 AM     16.28     16.28      0.00    132.89      0.00
06:07:54 AM     15.33     14.33      1.00    114.67     10.67
06:07:57 AM     18.67     18.67      0.00    149.33      0.00
06:08:00 AM     15.00     14.33      0.67    133.33      8.00
06:08:03 AM     16.00     15.00      1.00    130.67    242.67
06:08:06 AM     16.05     15.05      1.00    120.40     10.70
06:08:09 AM     23.00     23.00      0.00    205.33      0.00
06:08:12 AM     29.14     28.48      0.66    336.42     10.60
06:08:15 AM     42.81     36.79      6.02    521.74   1254.85
06:08:18 AM     19.60     18.94      0.66    385.38      7.97
06:08:21 AM     25.75     20.74      5.02    505.69   1179.93
06:08:24 AM     51.00     48.00      3.00    877.33    554.67
06:08:27 AM     17.67     17.67      0.00    200.00      0.00
06:08:30 AM     13.00     11.67      1.33     93.33     16.00
06:08:33 AM     16.00     16.00      0.00    138.67      0.00
06:08:36 AM     13.33     12.67      0.67    101.33     13.33
06:08:39 AM     22.00     15.33      6.67    122.67   1501.33
06:08:42 AM     15.33     14.67      0.67    117.33      8.00
Average:        13.50     10.79      2.71    169.38    476.05
