Linux 4.2.2 (vm2_114) 	07/18/2017 	_x86_64_	(1 CPU)

06:23:14 AM       tps      rtps      wtps   bread/s   bwrtn/s
06:23:17 AM     11.96     11.63      0.33    257.81      2.66
06:23:20 AM      0.67      0.00      0.67      0.00     24.00
06:23:23 AM      2.33      0.00      2.33      0.00     18.67
06:23:26 AM      1.00      0.00      1.00      0.00     10.67
06:23:29 AM      0.00      0.00      0.00      0.00      0.00
06:23:32 AM      0.67      0.00      0.67      0.00      8.00
06:23:35 AM      0.00      0.00      0.00      0.00      0.00
06:23:38 AM      0.66      0.00      0.66      0.00      7.97
06:23:41 AM      0.00      0.00      0.00      0.00      0.00
06:23:44 AM      0.67      0.00      0.67      0.00      8.03
06:23:47 AM      0.33      0.00      0.33      0.00      2.66
06:23:50 AM      0.66      0.00      0.66      0.00     13.29
06:23:53 AM      0.33      0.00      0.33      0.00      2.68
06:23:56 AM      0.67      0.00      0.67      0.00     13.33
06:23:59 AM      1.00      0.00      1.00      0.00     10.63
06:24:02 AM      0.67      0.00      0.67      0.00      8.03
06:24:05 AM      0.00      0.00      0.00      0.00      0.00
06:24:08 AM      0.66      0.00      0.66      0.00      7.97
06:24:11 AM      0.00      0.00      0.00      0.00      0.00
06:24:14 AM      0.67      0.00      0.67      0.00     10.70
06:24:17 AM      0.00      0.00      0.00      0.00      0.00
06:24:20 AM      0.67      0.00      0.67      0.00      8.03
06:24:23 AM      0.33      0.00      0.33      0.00      2.66
06:24:26 AM      0.66      0.00      0.66      0.00      7.97
06:24:29 AM      0.33      0.00      0.33      0.00      2.67
06:24:32 AM      0.66      0.00      0.66      0.00      7.97
06:24:35 AM      0.00      0.00      0.00      0.00      0.00
06:24:38 AM      1.00      0.00      1.00      0.00     10.63
06:24:41 AM      0.00      0.00      0.00      0.00      0.00
06:24:44 AM      0.67      0.00      0.67      0.00      8.00
06:24:47 AM      0.00      0.00      0.00      0.00      0.00
06:24:50 AM      0.67      0.00      0.67      0.00      8.00
06:24:53 AM      0.00      0.00      0.00      0.00      0.00
06:24:56 AM      0.67      0.00      0.67      0.00      8.00
06:24:59 AM      0.33      0.00      0.33      0.00      2.67
06:25:02 AM      1.00      0.00      1.00      0.00     10.67
06:25:05 AM      0.00      0.00      0.00      0.00      0.00
06:25:08 AM      0.66      0.00      0.66      0.00      7.97
06:25:11 AM      0.00      0.00      0.00      0.00      0.00
06:25:14 AM      0.67      0.00      0.67      0.00     10.70
06:25:17 AM      0.00      0.00      0.00      0.00      0.00
06:25:20 AM      0.67      0.00      0.67      0.00      8.03
06:25:23 AM      0.00      0.00      0.00      0.00      0.00
06:25:26 AM      0.67      0.00      0.67      0.00      8.00
06:25:29 AM      0.00      0.00      0.00      0.00      0.00
06:25:32 AM      1.00      0.00      1.00      0.00     10.70
06:25:35 AM      0.00      0.00      0.00      0.00      0.00
06:25:38 AM      1.00      0.00      1.00      0.00     10.67
06:25:41 AM      0.00      0.00      0.00      0.00      0.00
06:25:44 AM      0.66      0.00      0.66      0.00      7.97
06:25:47 AM      0.33      0.00      0.33      0.00      2.67
06:25:50 AM      0.66      0.00      0.66      0.00      7.97
06:25:53 AM      0.00      0.00      0.00      0.00      0.00
06:25:56 AM      0.66      0.00      0.66      0.00      7.97
06:25:59 AM      0.00      0.00      0.00      0.00      0.00
06:26:02 AM      0.66      0.00      0.66      0.00      7.97
06:26:05 AM      0.00      0.00      0.00      0.00      0.00
06:26:08 AM      1.00      0.00      1.00      0.00     10.70
06:26:11 AM      0.00      0.00      0.00      0.00      0.00
06:26:14 AM      1.00      0.00      1.00      0.00     13.29
06:26:17 AM      0.00      0.00      0.00      0.00      0.00
06:26:22 AM    195.50     32.48    163.02   1219.29  35211.58
06:26:24 AM     33.66     33.66      0.00   1148.51      0.00
06:26:27 AM     40.86     40.53      0.33    778.74      7.97
06:26:30 AM     16.23     15.89      0.33    153.64      0.00
06:26:33 AM     15.05     14.38      0.67    197.99      8.03
06:26:36 AM     16.28     16.28      0.00    130.23      0.00
06:26:39 AM     16.05     15.38      0.67    123.08      8.03
06:26:42 AM     16.28     16.28      0.00    130.23      0.00
06:26:45 AM     14.05     13.38      0.67    107.02      8.03
06:26:48 AM     16.00     16.00      0.00    128.00      0.00
06:26:51 AM     15.33     14.33      1.00    114.67     10.67
06:26:54 AM     14.62     14.62      0.00    116.94      0.00
06:26:57 AM     17.39     16.05      1.34    128.43     13.38
06:27:00 AM     16.00     16.00      0.00    128.00      0.00
06:27:03 AM     27.91     27.24      0.66    310.96     13.29
06:27:06 AM     16.39     16.39      0.00    131.10      0.00
06:27:09 AM     15.95     15.28      0.66    122.26      7.97
06:27:12 AM     16.05     16.05      0.00    128.43      0.00
06:27:15 AM     30.56     29.90      0.66    502.33      7.97
06:27:18 AM     17.06     16.39      0.67    141.81      5.35
06:27:21 AM     21.00     20.33      0.67    645.33     10.67
06:27:24 AM     22.59     22.59      0.00    563.46      0.00
06:27:27 AM     16.00     15.00      1.00    120.00     10.67
06:27:30 AM     16.33     16.33      0.00    130.67      0.00
06:27:33 AM     17.33     16.33      1.00    130.67     10.67
06:27:36 AM     17.06     17.06      0.00    136.45      0.00
06:27:39 AM     22.00     21.33      0.67    317.33      8.00
06:27:42 AM     18.00     18.00      0.00    192.00      0.00
06:27:45 AM     14.95     14.29      0.66    114.29     10.63
06:27:48 AM     16.33     16.00      0.33    128.00      8.00
06:27:51 AM     15.33     14.67      0.67    117.33      2.67
06:27:54 AM     16.72     16.05      0.67    128.43      8.03
06:27:57 AM     15.61     15.61      0.00    124.92      0.00
06:28:00 AM     17.39     16.72      0.67    133.78      8.03
06:28:03 AM     15.00     14.67      0.33    128.00      2.67
06:28:06 AM     16.61     15.61      1.00    124.92     10.63
06:28:09 AM     16.67     16.67      0.00    133.33      0.00
06:28:12 AM     15.67     15.00      0.67    120.00      8.00
06:28:15 AM     16.00     16.00      0.00    128.00      0.00
06:28:18 AM     16.39     15.72      0.67    125.75     10.70
06:28:21 AM     16.28     16.28      0.00    130.23      0.00
06:28:24 AM     16.00     15.33      0.67    122.67      8.00
06:28:27 AM     17.00     17.00      0.00    136.00      0.00
06:28:30 AM     17.00     16.33      0.67    130.67      8.00
06:28:33 AM     15.33     15.33      0.00    122.67      0.00
06:28:36 AM     17.00     15.67      1.33    125.33     13.33
06:28:39 AM     16.00     16.00      0.00    128.00      0.00
06:28:42 AM     16.28     15.28      1.00    122.26     15.95
06:28:45 AM     17.39     17.39      0.00    139.13      0.00
Average:        11.64      8.14      3.50    105.49    666.15
