Linux 4.2.2 (vm2_114) 	07/18/2017 	_x86_64_	(1 CPU)

06:43:22 AM       tps      rtps      wtps   bread/s   bwrtn/s
06:43:25 AM     12.67     12.33      0.33    370.67      2.67
06:43:28 AM      0.67      0.00      0.67      0.00     21.33
06:43:31 AM      0.33      0.00      0.33      0.00      2.67
06:43:34 AM      0.33      0.00      0.33      0.00      5.32
06:43:37 AM      0.33      0.00      0.33      0.00      2.66
06:43:40 AM      0.33      0.00      0.33      0.00      8.00
06:43:43 AM      0.33      0.00      0.33      0.00      0.00
06:43:46 AM      0.33      0.00      0.33      0.00      8.00
06:43:49 AM      0.33      0.00      0.33      0.00      0.00
06:43:52 AM      0.33      0.00      0.33      0.00      7.97
06:43:55 AM      1.00      0.33      0.67      2.67      2.67
06:43:58 AM      0.33      0.00      0.33      0.00     10.63
06:44:01 AM      2.68      0.00      2.68      0.00     21.40
06:44:04 AM      0.33      0.00      0.33      0.00     10.63
06:44:07 AM      0.33      0.00      0.33      0.00      2.67
06:44:10 AM      0.33      0.00      0.33      0.00      8.03
06:44:13 AM      0.33      0.00      0.33      0.00      0.00
06:44:16 AM      0.33      0.00      0.33      0.00      7.97
06:44:19 AM      0.33      0.00      0.33      0.00      0.00
06:44:22 AM      0.33      0.00      0.33      0.00      7.97
06:44:25 AM      0.33      0.00      0.33      0.00      2.68
06:44:28 AM      0.33      0.00      0.33      0.00      8.00
06:44:31 AM      0.66      0.00      0.66      0.00      2.66
06:44:34 AM      1.00      0.00      1.00      0.00     10.67
06:44:37 AM      0.00      0.00      0.00      0.00      0.00
06:44:40 AM      1.34      0.00      1.34      0.00     13.38
06:44:43 AM      0.33      0.00      0.33      0.00      2.67
06:44:46 AM      0.33      0.00      0.33      0.00      7.97
06:44:49 AM      0.33      0.00      0.33      0.00      0.00
06:44:52 AM      0.33      0.00      0.33      0.00      8.00
06:44:55 AM      0.33      0.00      0.33      0.00      0.00
06:44:58 AM      0.33      0.00      0.33      0.00      8.00
06:45:01 AM      0.33      0.00      0.33      0.00      0.00
06:45:04 AM      1.00      0.00      1.00      0.00     10.63
06:45:07 AM      0.00      0.00      0.00      0.00      0.00
06:45:10 AM      0.67      0.00      0.67      0.00      8.00
06:45:13 AM      0.33      0.00      0.33      0.00      2.67
06:45:16 AM      0.33      0.00      0.33      0.00      7.97
06:45:19 AM      0.33      0.00      0.33      0.00      0.00
06:45:22 AM      0.33      0.00      0.33      0.00      7.97
06:45:25 AM      0.33      0.00      0.33      0.00      2.67
06:45:28 AM      0.33      0.00      0.33      0.00      5.32
06:45:31 AM      0.33      0.00      0.33      0.00      2.67
06:45:34 AM      0.33      0.00      0.33      0.00      5.33
06:45:37 AM      0.33      0.00      0.33      0.00      2.67
06:45:40 AM      1.00      0.00      1.00      0.00     10.63
06:45:43 AM      0.33      0.00      0.33      0.00      2.67
06:45:46 AM      0.67      0.00      0.67      0.00     10.70
06:45:49 AM      0.33      0.00      0.33      0.00      0.00
06:45:52 AM      0.33      0.00      0.33      0.00      5.33
06:45:55 AM      0.33      0.00      0.33      0.00      2.66
06:45:58 AM      0.33      0.00      0.33      0.00      5.33
06:46:01 AM      0.33      0.00      0.33      0.00      2.67
06:46:04 AM      0.33      0.00      0.33      0.00      8.03
06:46:07 AM      0.33      0.00      0.33      0.00      0.00
06:46:10 AM      0.33      0.00      0.33      0.00      8.00
06:46:13 AM      0.33      0.00      0.33      0.00      0.00
06:46:16 AM      0.67      0.00      0.67      0.00      8.00
06:46:19 AM      0.67      0.00      0.67      0.00      5.35
06:46:22 AM      0.33      0.00      0.33      0.00     10.63
06:46:25 AM      0.33      0.00      0.33      0.00      0.00
06:46:28 AM    235.89     79.87    156.02   2167.18  33382.93
06:46:31 AM    235.48    235.48      0.00   2301.08      0.00
06:46:34 AM    248.33    248.00      0.33   2632.00      5.33
06:46:37 AM    134.00    133.67      0.33   1269.33      2.67
06:46:40 AM    149.50    148.83      0.67   1273.58      8.03
06:46:43 AM     94.02     94.02      0.00    802.66      0.00
06:46:46 AM     36.33     35.67      0.67    317.33      8.00
06:46:49 AM     29.24     29.24      0.00    316.28      0.00
06:46:52 AM     27.00     26.33      0.67    234.67      8.00
06:46:55 AM     34.33     34.33      0.00    304.00      0.00
06:46:58 AM     32.33     31.67      0.67    322.67      8.00
06:47:01 AM     54.33     54.00      0.33    573.33      2.67
06:47:04 AM     43.85     42.52      1.33    380.07     13.29
06:47:07 AM     22.41     22.41      0.00    189.97      0.00
06:47:10 AM     22.26     21.59      0.66    204.65     13.29
06:47:13 AM     24.75     24.75      0.00    219.40      0.00
06:47:16 AM     24.25     21.59      2.66    194.02    499.67
06:47:19 AM     34.00     33.33      0.67    538.67      5.33
06:47:22 AM     43.00     39.33      3.67    509.33    674.67
06:47:25 AM     27.33     27.33      0.00    250.67      0.00
06:47:28 AM     43.52     36.88      6.64   1164.12   1387.38
06:47:31 AM     28.00     27.33      0.67    234.67    120.00
06:47:34 AM     27.33     26.33      1.00    237.33     10.67
06:47:37 AM     31.00     31.00      0.00    456.00      0.00
06:47:40 AM     35.67     28.33      7.33    333.33   1381.33
06:47:43 AM     29.10     29.10      0.00    254.18      0.00
06:47:46 AM     27.91     27.24      0.66    244.52      7.97
06:47:49 AM     26.58     26.58      0.00    231.23      0.00
06:47:52 AM     25.42     24.75      0.67    216.72      8.03
06:47:55 AM     29.14     28.81      0.33    230.46      2.65
06:47:58 AM     36.79     26.42     10.37    230.10   2266.22
06:48:01 AM     25.00     25.00      0.00    237.33      0.00
06:48:04 AM     27.33     26.33      1.00    240.00     10.67
06:48:07 AM     28.67     28.67      0.00    248.00      0.00
06:48:10 AM     27.67     27.00      0.67    232.00      8.00
06:48:13 AM     27.00     27.00      0.00    242.67      0.00
06:48:16 AM     30.23     29.24      1.00    257.81     10.63
06:48:19 AM     30.00     30.00      0.00    264.00      0.00
06:48:22 AM     33.33     26.33      7.00    242.67   1498.67
06:48:25 AM     30.00     30.00      0.00    285.33      0.00
06:48:28 AM     25.33     24.67      0.67    208.00      8.00
06:48:31 AM     27.57     27.24      0.33    244.52      2.66
06:48:34 AM     25.08     24.41      0.67    214.05      8.03
06:48:37 AM     30.00     29.67      0.33    261.33     53.33
06:48:40 AM     27.67     26.33      1.33    253.33     13.33
06:48:43 AM     27.00     27.00      0.00    237.33      0.00
06:48:46 AM     33.33     26.00      7.33    250.67   1509.33
06:48:49 AM     29.33     29.00      0.33    280.00      2.67
06:48:52 AM     24.67     24.00      0.67    197.33      8.00
Average:        22.47     19.51      2.96    216.56    551.16
