Linux 4.2.2 (vm2_114) 	07/18/2017 	_x86_64_	(1 CPU)

07:03:24 AM       tps      rtps      wtps   bread/s   bwrtn/s
07:03:27 AM     11.00     11.00      0.00     88.00      0.00
07:03:30 AM      0.67      0.00      0.67      0.00     24.00
07:03:33 AM      1.99      0.00      1.99      0.00     15.95
07:03:36 AM      0.67      0.00      0.67      0.00      8.00
07:03:39 AM      0.33      0.00      0.33      0.00      2.67
07:03:42 AM      0.66      0.00      0.66      0.00      7.97
07:03:45 AM      0.00      0.00      0.00      0.00      0.00
07:03:48 AM      0.67      0.00      0.67      0.00      8.00
07:03:51 AM      0.00      0.00      0.00      0.00      0.00
07:03:54 AM      0.67      0.00      0.67      0.00      8.03
07:03:57 AM      0.33      0.00      0.33      0.00      2.67
07:04:00 AM      0.66      0.00      0.66      0.00     13.29
07:04:03 AM      0.33      0.00      0.33      0.00      2.67
07:04:06 AM      0.67      0.00      0.67      0.00     13.38
07:04:09 AM      0.99      0.00      0.99      0.00     10.60
07:04:12 AM      0.67      0.00      0.67      0.00      8.03
07:04:15 AM      0.00      0.00      0.00      0.00      0.00
07:04:18 AM      0.67      0.00      0.67      0.00      8.00
07:04:21 AM      0.00      0.00      0.00      0.00      0.00
07:04:24 AM      0.67      0.00      0.67      0.00      8.00
07:04:27 AM      0.00      0.00      0.00      0.00      0.00
07:04:30 AM      0.66      0.00      0.66      0.00     10.63
07:04:33 AM      0.33      0.00      0.33      0.00      2.67
07:04:36 AM      0.67      0.00      0.67      0.00      8.00
07:04:39 AM      0.33      0.00      0.33      0.00      2.66
07:04:42 AM      0.67      0.00      0.67      0.00      8.03
07:04:45 AM      0.00      0.00      0.00      0.00      0.00
07:04:48 AM      1.00      0.00      1.00      0.00     10.63
07:04:51 AM      0.00      0.00      0.00      0.00      0.00
07:04:54 AM      0.67      0.00      0.67      0.00      8.00
07:04:57 AM      0.00      0.00      0.00      0.00      0.00
07:05:00 AM      0.66      0.00      0.66      0.00      7.97
07:05:03 AM      0.00      0.00      0.00      0.00      0.00
07:05:06 AM      0.67      0.00      0.67      0.00      8.00
07:05:09 AM      0.33      0.00      0.33      0.00      2.67
07:05:12 AM      1.00      0.00      1.00      0.00     10.67
07:05:15 AM      0.00      0.00      0.00      0.00      0.00
07:05:18 AM      0.66      0.00      0.66      0.00      7.95
07:05:21 AM      0.00      0.00      0.00      0.00      0.00
07:05:24 AM      0.67      0.00      0.67      0.00      8.00
07:05:27 AM      0.00      0.00      0.00      0.00      0.00
07:05:30 AM      0.67      0.00      0.67      0.00     10.70
07:05:33 AM      0.00      0.00      0.00      0.00      0.00
07:05:36 AM      0.66      0.00      0.66      0.00      7.97
07:05:39 AM      0.00      0.00      0.00      0.00      0.00
07:05:42 AM      1.00      0.00      1.00      0.00     10.70
07:05:45 AM      0.00      0.00      0.00      0.00      0.00
07:05:48 AM      1.00      0.00      1.00      0.00     10.63
07:05:51 AM      0.00      0.00      0.00      0.00      0.00
07:05:54 AM      0.67      0.00      0.67      0.00      8.03
07:05:57 AM      0.33      0.00      0.33      0.00      2.67
07:06:00 AM      0.66      0.00      0.66      0.00      7.95
07:06:03 AM      0.00      0.00      0.00      0.00      0.00
07:06:06 AM      0.66      0.00      0.66      0.00      7.97
07:06:09 AM      0.00      0.00      0.00      0.00      0.00
07:06:12 AM      0.67      0.00      0.67      0.00      8.00
07:06:15 AM      0.00      0.00      0.00      0.00      0.00
07:06:18 AM      1.00      0.00      1.00      0.00     10.67
07:06:21 AM      0.00      0.00      0.00      0.00      0.00
07:06:24 AM      1.00      0.00      1.00      0.00     10.63
07:06:29 AM    207.67     43.79    163.88   1116.84  34184.44
07:06:34 AM    145.10    145.10      0.00   2462.75      0.00
07:06:37 AM     72.76     72.43      0.33   1172.09      7.97
07:06:40 AM     74.00     73.33      0.67    808.00      5.33
07:06:43 AM     61.33     61.00      0.33    546.67      2.67
07:06:46 AM     61.79     61.46      0.33    547.51      5.32
07:06:49 AM    120.33    120.33      0.00   1160.00      0.00
07:06:52 AM     43.67     43.67      0.00    482.67      2.67
07:06:55 AM     31.33     30.33      1.00    325.33      8.00
07:06:58 AM     29.33     29.33      0.00    266.67      0.00
07:07:01 AM     27.00     26.00      1.00    240.00     10.67
07:07:04 AM     40.00     39.67      0.33    410.67      2.67
07:07:07 AM     29.67     29.00      0.67    258.67      8.00
07:07:10 AM     28.33     27.33      1.00    301.33     16.00
07:07:13 AM     28.33     28.00      0.33    245.33      2.67
07:07:16 AM     28.00     27.33      0.67    250.67      8.00
07:07:19 AM     26.33     26.33      0.00    253.33      0.00
07:07:22 AM     25.33     24.67      0.67    205.33      8.00
07:07:25 AM     29.33     29.33      0.00    346.67      0.00
07:07:28 AM     42.67     42.00      0.67    498.67     10.67
07:07:31 AM     31.33     31.33      0.00    453.33      0.00
07:07:34 AM     32.33     31.33      1.00    858.67     13.33
07:07:37 AM     27.24     26.91      0.33    236.54      7.97
07:07:40 AM     33.44     33.11      0.33    462.88      0.00
07:07:43 AM     31.89     31.23      0.66    318.94     10.63
07:07:46 AM     26.67     25.33      1.33    213.33     10.67
07:07:49 AM     29.67     29.00      0.67    266.67      8.00
07:07:52 AM     27.00     27.00      0.00    221.33      0.00
07:07:55 AM     32.67     32.00      0.67    264.00      8.00
07:07:58 AM     29.43     29.43      0.00    254.18      0.00
07:08:01 AM     31.89     31.23      0.66    273.75      7.97
07:08:04 AM     27.00     27.00      0.00    229.33      0.00
07:08:07 AM     33.00     32.33      0.67    272.00      8.00
07:08:10 AM     29.77     29.43      0.33    278.26      2.68
07:08:13 AM     28.00     27.33      0.67    266.67      8.00
07:08:16 AM     27.91     27.91      0.00    244.52      0.00
07:08:19 AM     29.77     28.76      1.00    246.15     10.70
07:08:22 AM     28.90     28.90      0.00    252.49      0.00
07:08:25 AM     33.67     33.00      0.67    280.00      8.00
07:08:28 AM     31.33     31.33      0.00    293.33      0.00
07:08:31 AM     32.56     31.89      0.66    263.12     10.63
07:08:34 AM     31.44     31.44      0.00    278.26      0.00
07:08:37 AM     28.00     27.33      0.67    226.67      8.00
07:08:40 AM     28.33     28.33      0.00    253.33      0.00
07:08:43 AM     30.33     29.67      0.67    290.67      8.00
07:08:46 AM     31.56     30.90      0.66    289.70      5.32
07:08:49 AM     25.75     25.08      0.67    238.13     13.38
07:08:52 AM     32.67     32.67      0.00    293.33      0.00
07:08:55 AM     29.33     28.33      1.00    240.00     10.67
07:08:58 AM     28.57     28.57      0.00    273.75      0.00
Average:        21.43     16.77      4.66    191.32    886.94
