Linux 4.2.2 (vm2_114) 	07/18/2017 	_x86_64_	(1 CPU)

07:10:13 AM       tps      rtps      wtps   bread/s   bwrtn/s
07:10:16 AM     11.63     11.63      0.00    257.81      0.00
07:10:19 AM      0.67      0.00      0.67      0.00     21.40
07:10:22 AM      0.99      0.00      0.99      0.00     10.60
07:10:25 AM      3.01      0.00      3.01      0.00     24.08
07:10:28 AM      0.33      0.00      0.33      0.00     10.63
07:10:31 AM      0.33      0.00      0.33      0.00      0.00
07:10:34 AM      0.66      0.00      0.66      0.00      7.97
07:10:37 AM      0.00      0.00      0.00      0.00      0.00
07:10:40 AM      1.00      0.00      1.00      0.00     10.63
07:10:43 AM      0.00      0.00      0.00      0.00      0.00
07:10:46 AM      1.33      0.00      1.33      0.00     18.67
07:10:49 AM      0.00      0.00      0.00      0.00      0.00
07:10:52 AM      1.00      0.00      1.00      0.00     16.00
07:10:55 AM      0.00      0.00      0.00      0.00      0.00
07:10:58 AM      0.67      0.00      0.67      0.00      8.03
07:11:01 AM      1.33      0.00      1.33      0.00     13.33
07:11:04 AM      0.66      0.00      0.66      0.00      7.97
07:11:07 AM      0.00      0.00      0.00      0.00      0.00
07:11:10 AM      0.67      0.00      0.67      0.00      8.00
07:11:13 AM      0.00      0.00      0.00      0.00      0.00
07:11:16 AM      0.33      0.00      0.33      0.00      7.95
07:11:19 AM      0.33      0.00      0.33      0.00      0.00
07:11:22 AM      0.67      0.00      0.67      0.00     10.70
07:11:25 AM      0.66      0.00      0.66      0.00      2.66
07:11:28 AM      0.67      0.00      0.67      0.00     10.67
07:11:31 AM      0.00      0.00      0.00      0.00      0.00
07:11:34 AM      0.67      0.00      0.67      0.00      8.00
07:11:37 AM      0.33      0.00      0.33      0.00      2.66
07:11:40 AM      0.67      0.00      0.67      0.00      8.00
07:11:43 AM      0.00      0.00      0.00      0.00      0.00
07:11:46 AM      0.66      0.00      0.66      0.00      7.97
07:11:49 AM      0.00      0.00      0.00      0.00      0.00
07:11:52 AM      0.67      0.00      0.67      0.00      8.00
07:11:55 AM      0.33      0.00      0.33      0.00      2.67
07:11:58 AM      0.66      0.00      0.66      0.00      7.97
07:12:01 AM      0.33      0.00      0.33      0.00      2.66
07:12:04 AM      0.67      0.00      0.67      0.00      8.03
07:12:07 AM      0.00      0.00      0.00      0.00      0.00
07:12:10 AM      0.67      0.00      0.67      0.00      8.00
07:12:13 AM      0.00      0.00      0.00      0.00      0.00
07:12:16 AM      0.66      0.00      0.66      0.00      7.97
07:12:19 AM      0.00      0.00      0.00      0.00      0.00
07:12:22 AM      0.67      0.00      0.67      0.00      8.00
07:12:25 AM      0.00      0.00      0.00      0.00      0.00
07:12:28 AM      0.67      0.00      0.67      0.00     10.70
07:12:31 AM      0.33      0.00      0.33      0.00      2.66
07:12:34 AM      0.66      0.00      0.66      0.00      7.97
07:12:37 AM      0.33      0.00      0.33      0.00      2.67
07:12:40 AM      0.67      0.00      0.67      0.00     10.67
07:12:43 AM      0.00      0.00      0.00      0.00      0.00
07:12:46 AM      0.33      0.00      0.33      0.00      5.32
07:12:49 AM      0.33      0.00      0.33      0.00      2.67
07:12:52 AM      1.00      0.00      1.00      0.00     10.67
07:12:55 AM      0.00      0.00      0.00      0.00      0.00
07:12:58 AM      0.67      0.00      0.67      0.00      8.00
07:13:01 AM      0.00      0.00      0.00      0.00      0.00
07:13:04 AM      0.67      0.00      0.67      0.00      8.00
07:13:07 AM      0.33      0.00      0.33      0.00      2.66
07:13:10 AM      1.00      0.00      1.00      0.00     10.63
07:13:13 AM      0.00      0.00      0.00      0.00      0.00
07:13:16 AM      0.33      0.00      0.33      0.00      5.33
07:13:22 AM    416.31    314.45    101.87   3428.14  19299.63
07:13:26 AM     49.32     49.32      0.00    843.84      0.00
07:13:29 AM     63.67     51.67     12.00   1122.67   2970.67
07:13:32 AM     39.33     39.00      0.33    626.67      2.67
07:13:35 AM     49.67     49.00      0.67    429.33     10.67
07:13:38 AM     57.33     57.33      0.00    800.00      0.00
07:13:41 AM     31.67     31.00      0.67    560.00      8.00
07:13:44 AM     31.00     31.00      0.00    253.33      0.00
07:13:47 AM     32.00     31.33      0.67    250.67      8.00
07:13:50 AM     34.67     34.67      0.00    296.00      0.00
07:13:53 AM     40.33     34.67      5.67    298.67    946.67
07:13:56 AM     32.78     32.78      0.00    278.26      0.00
07:13:59 AM     21.93     20.60      1.33    183.39     13.29
07:14:02 AM     22.00     22.00      0.00    216.00      0.00
07:14:05 AM     47.33     37.33     10.00    498.67   2261.33
07:14:08 AM     22.41     21.40      1.00    203.34      8.03
07:14:11 AM     23.59     22.92      0.66    191.36      7.97
07:14:14 AM     26.33     26.33      0.00    304.00      0.00
07:14:17 AM     22.67     22.00      0.67    184.00      8.00
07:14:20 AM     45.00     45.00      0.00    770.67      0.00
07:14:23 AM     22.67     22.00      0.67    602.67      8.00
07:14:26 AM     21.67     21.67      0.00    173.33      0.00
07:14:29 AM     32.33     27.67      4.67    298.67    781.33
07:14:32 AM     20.93     20.93      0.00    178.07      0.00
07:14:35 AM     23.33     22.33      1.00    178.67     13.33
07:14:38 AM     22.07     21.74      0.33    173.91      8.03
07:14:41 AM     22.59     22.26      0.33    194.02      0.00
07:14:44 AM     27.00     23.67      3.33    189.33    616.00
07:14:47 AM     22.00     22.00      0.00    186.67      0.00
07:14:50 AM     22.67     21.67      1.00    178.67     10.67
07:14:53 AM     22.33     22.33      0.00    189.33      0.00
07:14:56 AM     21.33     20.67      0.67    165.33      8.00
07:14:59 AM     25.67     21.00      4.67    178.67    848.00
07:15:02 AM     23.00     22.33      0.67    178.67      8.00
07:15:05 AM     23.33     23.00      0.33    186.67      2.67
07:15:08 AM     18.67     18.00      0.67    144.00      8.00
07:15:11 AM     22.67     22.33      0.33    178.67      2.67
07:15:14 AM     28.67     21.67      7.00    178.67   1045.33
07:15:17 AM     21.00     21.00      0.00    186.67      0.00
07:15:20 AM     21.33     20.67      0.67    200.00      8.00
07:15:23 AM     21.33     21.33      0.00    181.33      0.00
07:15:26 AM     21.67     21.00      0.67    178.67      8.00
07:15:29 AM     22.33     22.33      0.00    181.33      0.00
07:15:32 AM     17.67     17.00      0.67    144.00     10.67
07:15:35 AM     28.76     23.41      5.35    189.97    824.08
07:15:38 AM     21.59     20.93      0.66    180.73      7.97
07:15:41 AM     22.26     21.26      1.00    178.07      7.97
07:15:44 AM     20.74     20.07      0.67    181.94     13.38
07:15:47 AM     23.59     21.26      2.33    183.39    279.07
Average:        22.43     19.08      3.35    208.66    563.21
