Linux 4.2.2 (vm2_114) 	07/18/2017 	_x86_64_	(1 CPU)

06:50:09 AM       tps      rtps      wtps   bread/s   bwrtn/s
06:50:12 AM     39.46     38.46      1.00    473.58     37.46
06:50:15 AM      0.33      0.00      0.33      0.00      2.67
06:50:18 AM      0.67      0.00      0.67      0.00     21.33
06:50:21 AM      2.99      0.00      2.99      0.00     23.92
06:50:24 AM      0.67      0.00      0.67      0.00     10.67
06:50:27 AM      0.00      0.00      0.00      0.00      0.00
06:50:30 AM      0.67      0.00      0.67      0.00      8.00
06:50:33 AM      0.00      0.00      0.00      0.00      0.00
06:50:36 AM      0.66      0.00      0.66      0.00      7.97
06:50:39 AM      0.33      0.00      0.33      0.00      2.67
06:50:42 AM      0.67      0.00      0.67      0.00      8.00
06:50:45 AM      1.00      0.00      1.00      0.00      8.00
06:50:48 AM      0.66      0.00      0.66      0.00     18.60
06:50:51 AM      0.00      0.00      0.00      0.00      0.00
06:50:54 AM      0.67      0.00      0.67      0.00      8.00
06:50:57 AM      0.00      0.00      0.00      0.00      0.00
06:51:00 AM      1.99      0.00      1.99      0.00     21.19
06:51:03 AM      0.00      0.00      0.00      0.00      0.00
06:51:06 AM      0.66      0.00      0.66      0.00      7.97
06:51:09 AM      0.00      0.00      0.00      0.00      0.00
06:51:12 AM      0.66      0.00      0.66      0.00      7.97
06:51:15 AM      0.00      0.00      0.00      0.00      0.00
06:51:18 AM      0.66      0.00      0.66      0.00      7.97
06:51:21 AM      0.67      0.00      0.67      0.00      5.33
06:51:24 AM      0.67      0.00      0.67      0.00     10.67
06:51:27 AM      0.00      0.00      0.00      0.00      0.00
06:51:30 AM      0.67      0.00      0.67      0.00      8.00
06:51:33 AM      0.00      0.00      0.00      0.00      0.00
06:51:36 AM      1.00      0.00      1.00      0.00     10.67
06:51:39 AM      0.00      0.00      0.00      0.00      0.00
06:51:42 AM      0.67      0.00      0.67      0.00      8.00
06:51:45 AM      0.00      0.00      0.00      0.00      0.00
06:51:48 AM      0.67      0.00      0.67      0.00      8.00
06:51:51 AM      0.00      0.00      0.00      0.00      0.00
06:51:54 AM      1.33      0.00      1.33      0.00     13.33
06:51:57 AM      0.00      0.00      0.00      0.00      0.00
06:52:00 AM      0.67      0.00      0.67      0.00      8.03
06:52:03 AM      0.00      0.00      0.00      0.00      0.00
06:52:06 AM      0.67      0.00      0.67      0.00      8.00
06:52:09 AM      0.00      0.00      0.00      0.00      0.00
06:52:12 AM      0.67      0.00      0.67      0.00      8.00
06:52:15 AM      0.00      0.00      0.00      0.00      0.00
06:52:18 AM      0.67      0.00      0.67      0.00      8.00
06:52:21 AM      0.00      0.00      0.00      0.00      0.00
06:52:24 AM      0.67      0.00      0.67      0.00     10.67
06:52:27 AM      0.00      0.00      0.00      0.00      0.00
06:52:30 AM      1.33      0.00      1.33      0.00     13.29
06:52:33 AM      0.00      0.00      0.00      0.00      0.00
06:52:36 AM      0.66      0.00      0.66      0.00      7.97
06:52:39 AM      0.00      0.00      0.00      0.00      0.00
06:52:42 AM      0.67      0.00      0.67      0.00     10.67
06:52:45 AM      0.33      0.00      0.33      0.00      2.66
06:52:48 AM      0.67      0.00      0.67      0.00      8.05
06:52:51 AM      0.00      0.00      0.00      0.00      0.00
06:52:54 AM      0.66      0.00      0.66      0.00      7.97
06:52:57 AM      0.00      0.00      0.00      0.00      0.00
06:53:00 AM      0.67      0.00      0.67      0.00      8.03
06:53:03 AM      0.00      0.00      0.00      0.00      0.00
06:53:06 AM      1.33      0.00      1.33      0.00     13.29
06:53:09 AM      0.00      0.00      0.00      0.00      0.00
06:53:12 AM     15.33      0.00     15.33      0.00   1186.67
06:53:17 AM    214.21     52.63    161.58   1288.42  36098.25
06:53:19 AM    130.00    128.89      1.11   2302.22      8.89
06:53:22 AM    172.58    172.58      0.00   2263.55      0.00
06:53:25 AM    179.40    178.74      0.66   1456.48     10.63
06:53:28 AM    154.33    154.33      0.00   1245.33      0.00
06:53:31 AM     82.00     81.33      0.67    661.33      8.00
06:53:34 AM     88.33     88.33      0.00    717.33      0.00
06:53:37 AM     80.07     79.40      0.66    635.22      7.97
06:53:40 AM     97.00     97.00      0.00    805.33      0.00
06:53:43 AM     81.94     81.27      0.67    663.55      8.03
06:53:46 AM     73.75     73.42      0.33    605.98      2.66
06:53:49 AM     82.27     81.61      0.67    666.22      8.03
06:53:52 AM     81.67     81.00      0.67    648.00      5.33
06:53:55 AM    107.64    106.98      0.66    855.81     13.29
06:53:58 AM     94.65     93.65      1.00    778.60      8.03
06:54:01 AM     43.85     43.19      0.66    345.51      7.97
06:54:04 AM     38.33     38.33      0.00    389.33      0.00
06:54:07 AM     29.00     28.33      0.67    240.00      8.00
06:54:10 AM     32.67     32.67      0.00    288.00      0.00
06:54:13 AM     38.13     37.46      0.67    382.61      8.03
06:54:16 AM     39.20     39.20      0.00    797.34      0.00
06:54:19 AM     23.33     22.67      0.67    466.67      8.00
06:54:22 AM     16.67     16.33      0.33    136.00      2.67
06:54:25 AM     17.28     16.61      0.66    135.55     10.63
06:54:28 AM     13.00     12.67      0.33    101.33      2.67
06:54:31 AM     16.67     16.00      0.67    130.67      8.00
06:54:34 AM     18.39     18.39      0.00    149.83      0.00
06:54:37 AM     17.67     16.67      1.00    133.33     10.67
06:54:40 AM     15.67     15.67      0.00    125.33      0.00
06:54:43 AM     19.27     18.60      0.66    148.84      7.97
06:54:46 AM     16.67     16.67      0.00    133.33      0.00
06:54:49 AM     19.27     18.60      0.66    154.15      7.97
06:54:52 AM     22.07     22.07      0.00    181.94      0.00
06:54:55 AM     21.26     20.60      0.66    172.76      7.97
06:54:58 AM     21.33     21.00      0.33    168.00      2.67
06:55:01 AM     22.67     21.67      1.00    173.33     10.67
06:55:04 AM     22.33     22.33      0.00    184.00      0.00
06:55:07 AM     26.00     25.33      0.67    202.67      8.00
06:55:10 AM     24.00     24.00      0.00    192.00      0.00
06:55:13 AM     22.67     22.00      0.67    176.00      8.00
06:55:16 AM     22.67     22.67      0.00    181.33      0.00
06:55:19 AM     24.75     24.08      0.67    195.32      8.03
06:55:22 AM     23.00     23.00      0.00    189.33      0.00
06:55:25 AM     23.67     23.00      0.67    184.00     10.67
06:55:28 AM     21.00     21.00      0.00    168.00      0.00
06:55:31 AM     23.00     21.67      1.33    184.00     13.33
06:55:34 AM     22.92     22.92      0.00    183.39      0.00
06:55:37 AM     21.07     20.07      1.00    160.54     16.05
06:55:40 AM     20.33     20.33      0.00    162.67      0.00
Average:        24.54     21.16      3.38    207.99    638.52
