Linux 4.2.2 (vm1_27) 	07/16/2017 	_x86_64_	(1 CPU)

01:52:47 AM       tps      rtps      wtps   bread/s   bwrtn/s
01:52:50 AM      5.69      5.69      0.00    264.88      0.00
01:52:53 AM      4.33      0.00      4.33      0.00     56.00
01:52:56 AM      0.00      0.00      0.00      0.00      0.00
01:52:59 AM      0.33      0.00      0.33      0.00      5.33
01:53:02 AM      0.33      0.00      0.33      0.00      2.67
01:53:05 AM      0.67      0.00      0.67      0.00      8.00
01:53:08 AM      0.33      0.00      0.33      0.00      2.67
01:53:11 AM      0.33      0.00      0.33      0.00      5.33
01:53:14 AM      0.33      0.00      0.33      0.00      2.66
01:53:17 AM      0.33      0.00      0.33      0.00      5.35
01:53:20 AM      0.67      0.00      0.67      0.00      5.33
01:53:23 AM      1.00      0.00      1.00      0.00     21.33
01:53:26 AM      0.00      0.00      0.00      0.00      0.00
01:53:29 AM      0.33      0.00      0.33      0.00      5.33
01:53:32 AM      0.33      0.00      0.33      0.00      2.67
01:53:35 AM      0.33      0.00      0.33      0.00      5.33
01:53:38 AM      0.33      0.00      0.33      0.00      2.67
01:53:41 AM      0.33      0.00      0.33      0.00      5.33
01:53:44 AM      0.33      0.00      0.33      0.00      2.67
01:53:47 AM      0.67      0.00      0.67      0.00     10.70
01:53:50 AM      0.00      0.00      0.00      0.00      0.00
01:53:53 AM      1.00      0.00      1.00      0.00     10.63
01:53:56 AM      0.00      0.00      0.00      0.00      0.00
01:53:59 AM      2.00      0.00      2.00      0.00     21.33
01:54:02 AM      0.33      0.00      0.33      0.00      2.67
01:54:05 AM      0.33      0.00      0.33      0.00      5.33
01:54:08 AM      0.33      0.00      0.33      0.00      2.66
01:54:11 AM      0.33      0.00      0.33      0.00      5.33
01:54:14 AM      0.33      0.00      0.33      0.00      2.68
01:54:17 AM      0.33      0.00      0.33      0.00      5.32
01:54:20 AM      0.33      0.00      0.33      0.00      2.68
01:54:23 AM      0.33      0.00      0.33      0.00      5.33
01:54:26 AM      0.33      0.00      0.33      0.00      2.66
01:54:29 AM      0.67      0.00      0.67      0.00      8.00
01:54:32 AM      0.33      0.00      0.33      0.00      2.67
01:54:35 AM      0.67      0.00      0.67      0.00      8.00
01:54:38 AM      0.33      0.00      0.33      0.00      2.67
01:54:41 AM      0.33      0.00      0.33      0.00      5.32
01:54:44 AM      0.33      0.00      0.33      0.00      2.67
01:54:47 AM      0.67      0.00      0.67      0.00     10.70
01:54:50 AM      0.00      0.00      0.00      0.00      0.00
01:54:53 AM      0.33      0.00      0.33      0.00      5.33
01:54:56 AM      0.33      0.00      0.33      0.00      2.68
01:54:59 AM      0.33      0.00      0.33      0.00      5.32
01:55:02 AM      0.33      0.00      0.33      0.00      2.67
01:55:05 AM      0.67      0.00      0.67      0.00      8.00
01:55:08 AM      0.67      0.00      0.67      0.00      5.33
01:55:11 AM      0.33      0.00      0.33      0.00      5.33
01:55:14 AM      0.33      0.00      0.33      0.00      2.66
01:55:17 AM      0.33      0.00      0.33      0.00      8.03
01:55:20 AM      0.67      0.00      0.67      0.00      2.67
01:55:23 AM      0.33      0.00      0.33      0.00      5.33
01:55:26 AM      0.33      0.00      0.33      0.00      2.66
01:55:29 AM      0.33      0.00      0.33      0.00      5.32
01:55:32 AM      0.33      0.00      0.33      0.00      2.67
01:55:35 AM      0.33      0.00      0.33      0.00      5.35
01:55:38 AM      0.66      0.00      0.66      0.00      5.32
01:55:41 AM      0.33      0.00      0.33      0.00      5.33
01:55:44 AM      0.67      0.00      0.67      0.00      5.33
01:55:47 AM      0.67      0.00      0.67      0.00     10.67
01:55:50 AM      0.00      0.00      0.00      0.00      0.00
01:55:56 AM    347.72     92.10    255.62   3058.97  56207.90
01:55:58 AM     92.11     91.45      0.66   1773.68     15.79
01:56:01 AM     72.48     72.15      0.34    824.16      2.68
01:56:04 AM     61.79     61.46      0.33    656.48      5.32
01:56:07 AM     60.20     59.87      0.33    529.77      2.68
01:56:10 AM     60.67     60.33      0.33    533.33      5.33
01:56:13 AM     62.33     62.00      0.33    584.00      2.67
01:56:16 AM     56.15     55.81      0.33    560.80      5.32
01:56:19 AM     58.19     57.86      0.33    527.09      2.68
01:56:22 AM     52.82     52.16      0.66    427.91     10.63
01:56:25 AM     75.92     75.59      0.33    647.49      0.00
01:56:28 AM     65.89     65.23      0.66    564.24      7.95
01:56:31 AM     63.00     62.67      0.33    632.00      2.67
01:56:34 AM     71.57     70.57      1.00    628.76     16.05
01:56:37 AM     64.78     64.45      0.33    563.46      2.66
01:56:40 AM     87.00     86.67      0.33    800.00      5.33
01:56:43 AM     86.29     85.95      0.33    781.27      2.68
01:56:46 AM     87.71     87.38      0.33    770.76     10.63
01:56:49 AM    101.34    101.00      0.33   1110.37      0.00
01:56:52 AM    120.93    120.60      0.33   1289.04      7.97
01:56:55 AM    102.68    102.34      0.33   1567.89      2.68
01:56:58 AM    113.00    112.33      0.67   1077.33      8.00
01:57:01 AM    133.67    133.33      0.33   1245.33      2.67
01:57:04 AM    126.58    126.25      0.33   1262.46      5.32
01:57:07 AM    169.33    167.67      1.67   1672.00     13.33
01:57:10 AM    145.33    145.00      0.33   1405.33      5.33
01:57:13 AM    133.00    132.67      0.33   1296.00      2.67
01:57:16 AM    130.00    129.67      0.33   1314.67      5.33
01:57:19 AM    142.67    142.33      0.33   1325.33      2.67
01:57:22 AM    142.00    139.00      3.00   1344.00    629.33
01:57:25 AM    158.00    153.33      4.67   1440.00    920.00
01:57:28 AM    195.65    184.62     11.04   1795.32   2317.06
01:57:31 AM    212.67    181.67     31.00   1880.00   7680.00
01:57:34 AM    217.94    217.28      0.66   2251.16      7.97
01:57:37 AM    237.12    236.79      0.33   2472.24      2.68
01:57:40 AM    258.33    248.00     10.33   2813.33   2034.67
01:57:43 AM    284.05    265.78     18.27   2904.98   3845.85
01:57:46 AM    296.00    292.33      3.67   3117.33    621.33
01:57:49 AM    239.00    225.33     13.67   2850.67   2928.00
01:57:52 AM    240.33    236.00      4.33   2549.33    885.33
01:57:55 AM    265.33    236.33     29.00   3242.67   6965.33
01:57:58 AM    339.87    333.55      6.31   3306.31    318.94
01:58:01 AM    372.91    349.50     23.41   3299.00   4725.08
01:58:04 AM    382.67    375.33      7.33   3882.67   1208.00
01:58:07 AM    410.63    396.35     14.29   3883.06   2920.93
01:58:10 AM    421.40    404.68     16.72   3919.73   3320.40
01:58:13 AM    243.52    218.27     25.25   2158.14   6118.27
01:58:16 AM    268.67    268.33      0.33   2546.67      5.33
01:58:19 AM    274.42    265.12      9.30   2482.39   1084.39
Average:        79.58     72.04      7.54    782.35   1556.46
