Linux 4.2.2 (vm3_28) 	07/16/2017 	_x86_64_	(1 CPU)

01:53:07 AM       tps      rtps      wtps   bread/s   bwrtn/s
01:53:10 AM    236.49     81.08    155.41  20756.76  37508.11
01:53:13 AM    220.34     70.51    149.83  18050.17  36216.95
01:53:16 AM    301.68    113.13    188.55  28961.62  45648.48
01:53:19 AM    251.34     80.54    170.81  20617.45  41361.07
01:53:22 AM    275.76     80.81    194.95  20686.87  47041.08
01:53:25 AM    253.04     81.08    171.96  20756.76  41640.54
01:53:28 AM    250.84     85.62    165.22  21918.39  39858.19
01:53:31 AM    202.02     59.26    142.76  15170.37  34599.33
01:53:34 AM    256.19     85.28    170.90  21832.78  41238.80
01:53:37 AM    231.44     64.55    166.89  16524.41  40377.26
01:53:40 AM    245.12     75.42    169.70  19307.74  40985.86
01:53:43 AM    267.46     92.20    175.25  23604.07  41819.66
01:53:46 AM    286.49    102.70    183.78  26291.89  44421.62
01:53:49 AM    259.32     81.36    177.97  20827.12  43172.88
01:53:52 AM    275.42     80.81    194.61  20686.87  47038.38
01:53:55 AM    196.30     64.65    131.65  16549.49  31827.61
01:53:58 AM    259.12     86.49    172.64  22140.54  41656.76
01:54:01 AM    251.68     80.54    171.14  20617.45  41366.44
01:54:04 AM    263.64     86.20    177.44  22065.99  42892.93
01:54:07 AM    263.51     91.89    171.62  23524.32  41643.24
01:54:10 AM    253.38     81.08    172.30  20756.76  41640.54
01:54:13 AM    259.66     81.36    178.31  20827.12  43181.02
01:54:16 AM    244.19     69.10    175.08  17690.37  42328.24
01:54:19 AM    243.77     75.42    168.35  19307.74  40140.07
01:54:22 AM    228.86     75.17    153.69  19242.95  37232.21
01:54:25 AM    234.11     74.92    159.20  19178.60  38490.97
01:54:28 AM    257.91     91.58    166.33  23445.12  40129.29
01:54:31 AM    241.89     75.68    166.22  19372.97  40262.16
01:54:34 AM    281.08     97.30    183.78  24908.11  44418.92
01:54:37 AM    230.74     64.86    165.88  16605.41  40251.35
01:54:40 AM    269.36     91.58    177.78  23445.12  42887.54
01:54:43 AM    256.71     85.91    170.81  21991.95  41363.76
01:54:46 AM    208.42     53.87    154.55  13791.25  37352.19
01:54:49 AM    214.53     59.46    155.07  15221.62  37472.97
01:54:52 AM    270.95     97.30    173.65  24908.11  41667.57
01:54:55 AM    275.68     91.89    183.78  23524.32  44418.92
01:54:58 AM    236.49     70.27    166.22  17989.19  40251.35
01:55:01 AM    275.34     91.89    183.45  23524.32  44418.92
01:55:04 AM    287.46    103.05    184.41  26381.02  44569.49
01:55:07 AM    241.08     75.42    165.66  19307.74  40113.13
01:55:10 AM    247.14     70.03    177.10  17928.62  42876.77
01:55:13 AM    236.03     75.42    160.61  19307.74  38747.47
01:55:16 AM    189.63     53.51    136.12  13699.00  32981.94
01:55:19 AM    229.87     69.80    160.07  17868.46  38604.03
01:55:22 AM    250.84     85.62    165.22  21918.39  39858.19
01:55:25 AM    253.38     81.08    172.30  20756.76  41654.05
01:55:28 AM    237.84     75.68    162.16  19372.97  38889.19
01:55:31 AM    241.41     70.03    171.38  17928.62  41505.72
01:55:34 AM    247.14     75.42    171.72  19307.74  41505.72
01:55:37 AM    261.74     91.28    170.47  23366.44  41358.39
01:55:40 AM    202.36     64.65    137.71  16549.49  33209.43
01:55:43 AM    233.00     74.67    158.33  19114.67  38357.33
01:55:46 AM    258.25     80.81    177.44  20686.87  42892.93
01:55:49 AM    257.91     86.20    171.72  22065.99  41505.72
01:55:52 AM    257.72     75.17    182.55  19242.95  44131.54
01:55:55 AM    236.36     70.03    166.33  17928.62  40123.91
01:55:58 AM    292.54    119.32    173.22  30546.44  41792.54
01:56:01 AM    257.05     80.54    176.51  20617.45  42735.57
01:56:04 AM    237.04     70.03    167.00  17928.62  40118.52
01:56:07 AM    218.86     64.65    154.21  16549.49  37357.58
01:56:10 AM    226.44     70.51    155.93  18050.17  37624.41
01:56:13 AM    241.08     75.42    165.66  19307.74  40126.60
01:56:16 AM    144.30     59.06     85.23  15119.46  20687.25
01:56:19 AM     26.91      1.33     25.58    340.20   6219.27
01:56:22 AM     34.78      9.36     25.42   2397.32   6108.36
01:56:25 AM     33.00     10.67     22.33   2730.67   5474.67
01:56:28 AM     44.82     10.70     34.11   2739.80   8251.51
01:56:31 AM     60.87     26.76     34.11   6849.50   8251.51
01:56:34 AM     50.50     26.76     23.75   6849.50   5509.03
01:56:37 AM     34.00      0.00     34.00      0.00   8224.00
01:56:40 AM     56.33     10.67     45.67   2730.67  10968.00
01:56:43 AM     50.00     16.00     34.00   4096.00   8226.67
01:56:46 AM     77.18     42.95     34.23  10995.97   8268.46
01:56:49 AM     34.00      0.00     34.00      0.00   8224.00
01:56:52 AM     44.67     10.67     34.00   2730.67   8224.00
01:56:55 AM     50.50     10.70     39.80   2739.80   9621.40
01:56:58 AM     55.18     21.40     33.78   5479.60   8243.48
01:57:01 AM     72.24     32.11     40.13   8219.40   9629.43
01:57:04 AM     38.87      5.32     33.55   1360.80   8188.70
01:57:07 AM     66.45     21.26     45.18   5443.19  10926.25
01:57:10 AM     50.50     10.70     39.80   2739.80   9624.08
01:57:13 AM     62.00     21.33     40.67   5461.33   9602.67
01:57:16 AM     50.17     21.40     28.76   5479.60   6878.93
01:57:19 AM     66.00     26.67     39.33   6826.67   9592.00
01:57:22 AM     34.11      0.00     34.11      0.00   8251.51
01:57:25 AM     61.20     21.40     39.80   5479.60   9618.73
01:57:28 AM     44.52      5.32     39.20   1360.80   9560.13
01:57:31 AM     82.55     48.32     34.23  12370.47   8279.19
01:57:34 AM     40.00      0.00     40.00      0.00   9597.33
01:57:37 AM     55.52     16.05     39.46   4109.70   9624.08
01:57:40 AM     56.00     16.00     40.00   4096.00   9597.33
01:57:43 AM     82.89     42.95     39.93  10995.97   9659.06
01:57:46 AM     39.33      5.33     34.00   1365.33   8224.00
01:57:49 AM     44.82     10.70     34.11   2739.80   8246.15
01:57:52 AM     44.67     10.67     34.00   2730.67   8224.00
01:57:55 AM     66.67     21.33     45.33   5461.33  10965.33
01:57:58 AM     77.26     37.46     39.80   9589.30   9621.40
01:58:01 AM     45.48      5.35     40.13   1369.90   9629.43
01:58:04 AM     50.17     10.70     39.46   2739.80   9624.08
01:58:07 AM     50.67     10.67     40.00   2730.67   9597.33
01:58:10 AM     82.33     42.67     39.67  10922.67   9589.33
01:58:13 AM     61.74     16.11     45.64   4123.49  11041.61
01:58:16 AM     45.18      5.32     39.87   1360.80   9565.45
01:58:19 AM     71.24     26.76     44.48   6849.50  10648.83
01:58:22 AM     84.56     42.95     41.61  10995.97  10005.37
01:58:25 AM     39.67      5.33     34.33   1365.33   8226.67
01:58:28 AM     39.46      0.00     39.46      0.00   9624.08
01:58:31 AM     77.33     26.67     50.67   6826.67  12330.67
01:58:34 AM     93.96     53.69     40.27  13744.97   9664.43
01:58:37 AM     45.33      0.00     45.33      0.00  10965.33
Average:       164.06     52.66    111.40  13480.92  26913.71
