Linux 4.2.2 (vm3_28) 	07/16/2017 	_x86_64_	(1 CPU)

05:54:53 PM       tps      rtps      wtps   bread/s   bwrtn/s
05:54:56 PM    368.81    184.41    184.41  47208.14  44610.17
05:54:59 PM    357.63    173.56    184.07  44431.19  44564.07
05:55:02 PM    385.08    200.68    184.41  51373.56  44585.76
05:55:05 PM    308.81    135.59    173.22  34711.86  41789.83
05:55:08 PM    339.86    156.08    183.78  39956.76  44429.73
05:55:11 PM    352.19    173.06    179.12  44304.38  42906.40
05:55:14 PM    378.42    186.30    192.12  47693.15  46427.40
05:55:17 PM    351.01    172.97    178.04  44281.08  43037.84
05:55:20 PM    366.55    174.74    191.81  44734.47  46274.40
05:55:23 PM    361.82    178.38    183.45  45664.86  44421.62
05:55:26 PM    361.62    177.78    183.84  45511.11  44290.91
05:55:29 PM    319.66    146.44    173.22  37488.81  41792.54
05:55:32 PM    363.55    187.29    176.25  47946.49  42611.37
05:55:35 PM    334.12    151.35    182.77  38745.95  44413.51
05:55:38 PM    365.42    184.41    181.02  47208.14  43704.41
05:55:41 PM    321.81    139.60    182.21  35736.91  44032.21
05:55:44 PM    381.16    202.74    178.42  51901.37  43180.82
05:55:47 PM    298.31    129.73    168.58  33210.81  40283.78
05:55:50 PM    380.61    195.92    184.69  50155.10  44729.25
05:55:53 PM    326.85    150.34    176.51  38485.91  42743.62
05:55:56 PM    346.78    173.56    173.22  44431.19  41784.41
05:55:59 PM    321.14    155.70    165.44  39860.40  39989.26
05:56:02 PM    312.88    151.86    161.02  38877.29  38999.32
05:56:05 PM    317.57    162.16    155.41  41513.51  37491.89
05:56:08 PM    360.41    169.28    191.13  43336.52  46271.67
05:56:11 PM    356.95    178.98    177.97  45819.66  43170.17
05:56:14 PM    314.58    135.59    178.98  34711.86  43183.73
05:56:17 PM    371.04    193.94    177.10  49648.48  42887.54
05:56:20 PM    326.53    146.94    179.59  37616.33  43330.61
05:56:23 PM    373.22    206.10    167.12  52762.03  40398.64
05:56:26 PM    307.77    129.73    178.04  33210.81  43037.84
05:56:29 PM    318.24    140.54    177.70  35978.38  43043.24
05:56:32 PM    393.17    207.51    185.67  53122.18  44881.91
05:56:35 PM    313.51    140.54    172.97  35978.38  41656.76
05:56:38 PM    373.56    195.25    178.31  49985.08  43175.59
05:56:41 PM    379.66    184.41    195.25  47208.14  47349.15
05:56:44 PM    363.05    178.98    184.07  45819.66  44569.49
05:56:47 PM    326.19    146.94    179.25  37616.33  43317.01
05:56:50 PM    358.84    185.03    173.81  47368.71  42016.33
05:56:53 PM    311.45    134.68    176.77  34478.11  42804.04
05:56:56 PM    375.51    201.36    174.15  51548.30  41940.14
05:56:59 PM    318.24    140.54    177.70  35978.38  43021.62
05:57:02 PM    373.90    195.25    178.64  49985.08  43189.15
05:57:05 PM    310.92    131.06    179.86  33550.85  43475.77
05:57:08 PM    393.17    212.97    180.20  54520.14  43486.69
05:57:11 PM    283.50    129.29    154.21  33098.99  37354.88
05:57:14 PM    332.31    146.94    185.37  37616.33  44723.81
05:57:17 PM    275.09    141.98    133.11  36346.76  32264.85
05:57:20 PM    260.94    129.29    131.65  33098.99  31830.30
05:57:23 PM    273.90    135.59    138.31  34711.86  33431.86
05:57:26 PM    284.12    129.73    154.39  33210.81  37472.97
05:57:29 PM    372.26    197.26    175.00  50498.63  42213.70
05:57:32 PM    325.42    135.59    189.83  34711.86  45968.81
05:57:35 PM    363.61    190.48    173.13  48761.90  41934.69
05:57:38 PM    327.85    144.97    182.89  37111.41  44126.17
05:57:41 PM    354.88    188.55    166.33  48269.36  40129.29
05:57:44 PM    316.04    136.52    179.52  34948.81  43470.31
05:57:47 PM    376.79    196.59    180.20  50326.28  43481.23
05:57:50 PM    317.51    134.68    182.83  34478.11  44269.36
05:57:53 PM    369.39    190.48    178.91  48761.90  43319.73
05:57:56 PM    331.29    152.38    178.91  39009.52  43327.89
05:57:59 PM    364.51    196.59    167.92  50326.28  40674.40
05:58:02 PM    323.99    140.54    183.45  35978.38  44421.62
05:58:05 PM    359.18    190.48    168.71  48761.90  40549.66
05:58:08 PM    294.61    129.29    165.32  33098.99  40118.52
05:58:11 PM    369.05    195.92    173.13  50155.10  41931.97
05:58:14 PM    320.00    141.02    178.98  36100.34  43178.31
05:58:17 PM    357.63    184.41    173.22  47208.14  41800.68
05:58:20 PM    320.68    135.59    185.08  34711.86  44580.34
05:58:23 PM    378.98    200.68    178.31  51373.56  43186.44
05:58:26 PM    312.84    140.54    172.30  35978.38  41637.84
05:58:29 PM    373.22    200.68    172.54  51373.56  41789.83
05:58:32 PM    289.23    129.29    159.93  33098.99  38739.39
05:58:35 PM    295.27    129.73    165.54  33210.81  40259.46
05:58:38 PM    368.71    201.36    167.35  51548.30  40519.73
05:58:41 PM    288.14    119.32    168.81  30546.44  40398.64
05:58:44 PM    369.39    195.92    173.47  50155.10  41937.41
05:58:47 PM    306.06    134.68    171.38  34478.11  41503.03
05:58:50 PM    382.59    202.05    180.55  51724.23  43481.23
05:58:53 PM    283.16    134.68    148.48  34478.11  35970.37
05:58:56 PM    307.77    135.14    172.64  34594.59  41651.35
05:58:59 PM    378.04    200.00    178.04  51200.00  43032.43
05:59:02 PM    317.85    140.07    177.78  35857.24  42884.85
05:59:05 PM    358.16    190.48    167.69  48761.90  40541.50
05:59:08 PM    330.07    140.54    189.53  35978.38  45802.70
05:59:11 PM    355.41    183.78    171.62  47048.65  41640.54
05:59:14 PM    332.31    146.94    185.37  37616.33  44723.81
05:59:17 PM    373.22    200.68    172.54  51373.56  41795.25
05:59:20 PM    302.36    129.73    172.64  33210.81  41648.65
05:59:23 PM    395.59    211.53    184.07  54150.51  44574.92
05:59:26 PM    323.57    140.07    183.50  35857.24  44280.13
05:59:29 PM    363.27    190.48    172.79  48761.90  41934.69
05:59:32 PM    328.19    144.97    183.22  37111.41  44128.86
05:59:35 PM    368.71    190.48    178.23  48761.90  43322.45
05:59:38 PM    321.50    141.98    179.52  36346.76  43475.77
05:59:41 PM    372.64    183.78    188.85  47048.65  45800.00
05:59:44 PM    380.61    201.36    179.25  51548.30  43330.61
05:59:47 PM    294.61    134.68    159.93  34478.11  38736.70
05:59:50 PM    240.00    119.32    120.68  30546.44  29247.46
05:59:53 PM    300.67    134.23    166.44  34362.42  40005.37
05:59:56 PM    192.64     96.32     96.32  24658.19  23368.56
05:59:59 PM    284.46    140.54    143.92  35978.38  34705.41
06:00:02 PM    338.26    161.07    177.18  41234.90  42762.42
06:00:05 PM    348.32    171.81    176.51  43983.89  42748.99
06:00:08 PM    334.80    162.16    172.64  41513.51  41654.05
06:00:11 PM    355.82    175.34    180.48  44887.67  43621.92
06:00:14 PM    317.17    145.45    171.72  37236.36  41511.11
06:00:17 PM    362.37    189.83    172.54  48596.61  41792.54
06:00:20 PM    330.85    146.44    184.41  37488.81  44558.64
06:00:23 PM    357.63    184.41    173.22  47208.14  41792.54
Average:       337.46    163.72    173.74  41913.26  41998.67
