Linux 4.2.2 (vm3_28) 	07/16/2017 	_x86_64_	(1 CPU)

05:33:09 AM       tps      rtps      wtps   bread/s   bwrtn/s
05:33:12 AM    264.86     81.08    183.78  20756.76  44440.54
05:33:15 AM    266.10     75.93    190.17  19438.64  45957.97
05:33:18 AM    274.75     91.58    183.16  23445.12  44272.05
05:33:21 AM    258.78     81.08    177.70  20756.76  43035.14
05:33:24 AM    276.61     92.20    184.41  23604.07  44572.20
05:33:27 AM    258.45     81.08    177.36  20756.76  43037.84
05:33:30 AM    207.41     75.42    131.99  19307.74  31830.30
05:33:33 AM    217.79     69.80    147.99  17868.46  35855.03
05:33:36 AM    211.49     59.46    152.03  15221.62  36121.62
05:33:39 AM    225.68     75.68    150.00  19372.97  36108.11
05:33:42 AM    212.04     64.21    147.83  16438.80  35743.14
05:33:45 AM    234.90     80.54    154.36  20617.45  37251.01
05:33:48 AM    230.30     70.03    160.27  17928.62  38747.47
05:33:51 AM    225.76     75.93    149.83  19438.64  36225.08
05:33:54 AM    263.64     86.20    177.44  22065.99  42895.62
05:33:57 AM    248.47     75.93    172.54  19438.64  41787.12
05:34:00 AM    282.03     92.20    189.83  23604.07  45963.39
05:34:03 AM    241.41     75.42    165.99  19307.74  40126.60
05:34:06 AM    269.59     86.49    183.11  22140.54  44416.22
05:34:09 AM    259.60     80.81    178.79  20686.87  42906.40
05:34:12 AM    275.68     91.89    183.78  23524.32  44421.62
05:34:15 AM    269.93     86.49    183.45  22140.54  44424.32
05:34:18 AM    269.93     86.49    183.45  22140.54  44424.32
05:34:21 AM    219.93     75.68    144.26  19372.97  34708.11
05:34:24 AM    229.63     70.03    159.60  17928.62  38747.47
05:34:27 AM    180.47     48.48    131.99  12412.12  31824.92
05:34:30 AM    225.00     70.27    154.73  17989.19  37483.78
05:34:33 AM    246.46     86.20    160.27  22065.99  38750.17
05:34:36 AM    185.86     48.48    137.37  12412.12  33220.20
05:34:39 AM    239.60     85.91    153.69  21991.95  37237.58
05:34:42 AM    252.36     86.49    165.88  22140.54  40259.46
05:34:45 AM    236.49     75.68    160.81  19372.97  38870.27
05:34:48 AM    231.86     70.51    161.36  18050.17  39012.88
05:34:51 AM    251.52     86.20    165.32  22065.99  40113.13
05:34:54 AM    261.02     86.78    174.24  22215.59  41814.24
05:34:57 AM    253.04     75.68    177.36  19372.97  43024.32
05:35:00 AM    253.38     81.08    172.30  20756.76  41656.76
05:35:03 AM    259.12     81.08    178.04  20756.76  43040.54
05:35:06 AM    249.15     75.93    173.22  19438.64  41792.54
05:35:09 AM    258.25     80.81    177.44  20686.87  42887.54
05:35:12 AM    241.08     80.81    160.27  20686.87  38744.78
05:35:15 AM    230.41     75.68    154.73  19372.97  37489.19
05:35:18 AM    228.09     80.27    147.83  20548.49  35737.79
05:35:21 AM    186.58     42.95    143.62  10995.97  34491.28
05:35:24 AM    224.32     81.08    143.24  20756.76  34716.22
05:35:27 AM    214.19     64.86    149.32  16605.41  36108.11
05:35:30 AM    218.79     69.80    148.99  17868.46  35860.40
05:35:33 AM    223.91     70.03    153.87  17928.62  37352.19
05:35:36 AM    224.58     70.03    154.55  17928.62  37354.88
05:35:39 AM    235.69     75.42    160.27  19307.74  38744.78
05:35:42 AM    252.70     86.49    166.22  22140.54  40259.46
05:35:45 AM    229.29     75.42    153.87  19307.74  37354.88
05:35:48 AM    253.38     81.08    172.30  20756.76  41654.05
05:35:51 AM    241.08     75.42    165.66  19307.74  40126.60
05:35:54 AM    265.54     81.08    184.46  20756.76  44435.14
05:35:57 AM    253.04     81.08    171.96  20756.76  41640.54
05:36:00 AM    265.20     81.08    184.12  20756.76  44421.62
05:36:03 AM    248.14     81.36    166.78  20827.12  40398.64
05:36:06 AM    297.97    102.70    195.27  26291.89  47191.89
05:36:09 AM    253.04     81.08    171.96  20756.76  41645.95
05:36:12 AM    258.45     86.49    171.96  22140.54  41645.95
05:36:15 AM    188.67     58.67    130.00  15018.67  31504.00
05:36:18 AM    229.19     69.80    159.40  17868.46  38609.40
05:36:21 AM    223.57     75.42    148.15  19307.74  35978.45
05:36:24 AM    213.47     64.65    148.82  16549.49  35978.45
05:36:27 AM    235.02     75.42    159.60  19307.74  38739.39
05:36:30 AM    224.50     69.80    154.70  17868.46  37240.27
05:36:33 AM    235.35     75.42    159.93  19307.74  38736.70
05:36:36 AM    246.46     75.42    171.04  19307.74  41505.72
05:36:39 AM    271.53     97.63    173.90  24992.54  41811.53
05:36:42 AM    262.75     80.54    182.21  20617.45  44128.86
05:36:45 AM    247.64     81.08    166.55  20756.76  40251.35
05:36:48 AM    263.09     80.54    182.55  20617.45  44123.49
05:36:51 AM    252.19     80.81    171.38  20686.87  41497.64
05:36:54 AM    273.83     85.91    187.92  21991.95  45506.04
05:36:57 AM    257.05     85.91    171.14  21991.95  41374.50
05:37:00 AM    254.92     70.51    184.41  18050.17  44574.92
05:37:03 AM    269.59     97.30    172.30  24908.11  41648.65
05:37:06 AM    197.32     59.06    138.26  15119.46  33119.46
05:37:09 AM    222.82     75.17    147.65  19242.95  35849.66
05:37:12 AM    224.66     70.27    154.39  17989.19  37481.08
05:37:15 AM    242.57     81.08    161.49  20756.76  38881.08
05:37:18 AM    206.71     64.43    142.28  16493.96  34469.80
05:37:21 AM    236.15     75.68    160.47  19372.97  38872.97
05:37:24 AM    230.30     70.03    160.27  17928.62  38742.09
05:37:27 AM    218.46     69.80    148.66  17868.46  35860.40
05:37:30 AM    228.09     74.92    153.18  19178.60  37118.39
05:37:33 AM    228.43     74.92    153.51  19178.60  37113.04
05:37:36 AM    285.52     96.97    188.55  24824.24  45656.57
05:37:39 AM    241.75     75.42    166.33  19307.74  40126.60
05:37:42 AM    280.13     86.20    193.94  22065.99  47030.30
05:37:45 AM    246.46     80.81    165.66  20686.87  40121.21
05:37:48 AM    260.00     81.36    178.64  20827.12  43186.44
05:37:51 AM    258.59     80.81    177.78  20686.87  42895.62
05:37:54 AM    200.67     64.21    136.45  16438.80  32995.32
05:37:57 AM    252.36     86.49    165.88  22140.54  40245.95
05:38:00 AM    208.08     59.26    148.82  15170.37  35970.37
05:38:03 AM    241.22     81.08    160.14  20756.76  38875.68
05:38:06 AM    201.34     64.43    136.91  16493.96  33106.04
05:38:09 AM    236.15     81.08    155.07  20756.76  37486.49
05:38:12 AM    245.30     80.54    164.77  20617.45  39986.58
05:38:15 AM    230.98     75.42    155.56  19307.74  37365.66
05:38:18 AM    235.35     80.81    154.55  20686.87  37362.96
05:38:21 AM    236.03     75.42    160.61  19307.74  38758.25
05:38:24 AM    208.42     59.26    149.16  15170.37  35981.14
05:38:27 AM    241.22     81.08    160.14  20756.76  38875.68
05:38:30 AM    259.46     75.68    183.78  19372.97  44410.81
05:38:33 AM    247.97     70.27    177.70  17989.19  43032.43
05:38:36 AM    240.27     75.17    165.10  19242.95  39994.63
05:38:39 AM    302.03    118.92    183.11  30443.24  44424.32
Average:       241.48     77.41    164.08  19816.12  39675.47
