Linux 4.2.2 (vm3_28) 	07/18/2017 	_x86_64_	(1 CPU)

06:29:47 AM       tps      rtps      wtps   bread/s   bwrtn/s
06:29:50 AM    280.61    136.05    144.56  34829.93  34965.99
06:29:53 AM    242.86    119.73    123.13  30650.34  29360.54
06:29:56 AM    367.57    183.78    183.78  47048.65  44413.51
06:29:59 AM    405.12    202.05    203.07  51724.23  49081.23
06:30:02 AM    207.38     75.17    132.21  19242.95  31731.54
06:30:05 AM    137.25     69.80     67.45  17868.46  16542.28
06:30:08 AM    220.47    118.12    102.35  30238.93  24824.16
06:30:11 AM    284.18    129.29    154.88  33098.99  37362.96
06:30:14 AM    388.47    200.68    187.80  51373.56  45602.71
06:30:17 AM    340.27    150.34    189.93  38485.91  45852.35
06:30:20 AM    366.67    183.16    183.50  46890.24  44277.44
06:30:23 AM    399.32    207.51    191.81  53122.18  46298.98
06:30:26 AM    310.47    129.73    180.74  33210.81  43051.35
06:30:29 AM    411.99    208.22    203.77  53304.11  49246.58
06:30:32 AM    367.23    183.78    183.45  47048.65  44418.92
06:30:35 AM    347.80    157.29    190.51  40265.76  45963.39
06:30:38 AM    375.85    190.48    185.37  48761.90  44734.69
06:30:41 AM    397.96    201.36    196.60  51548.30  47518.37
06:30:44 AM    317.85    134.68    183.16  34478.11  44274.75
06:30:47 AM    378.38    194.59    183.78  49816.22  44424.32
06:30:50 AM    381.29    190.48    190.82  48761.90  46117.01
06:30:53 AM    338.85    145.95    192.91  37362.16  46586.49
06:30:56 AM    350.17    189.83    160.34  48596.61  38489.49
06:30:59 AM    260.14    129.73    130.41  33210.81  31662.16
06:31:02 AM    204.39     70.27    134.12  17989.19  31937.84
06:31:05 AM    356.86    203.34    153.51  52056.19  37105.02
06:31:08 AM    288.55    140.07    148.48  35857.24  35964.98
06:31:11 AM    302.71    135.59    167.12  34711.86  40393.22
06:31:14 AM    312.46    129.29    183.16  33098.99  44272.05
06:31:17 AM    369.39    195.92    173.47  50155.10  41934.69
06:31:20 AM    312.84    140.54    172.30  35978.38  41659.46
06:31:23 AM    365.10    182.55    182.55  46732.89  44128.86
06:31:26 AM    374.83    195.92    178.91  50155.10  43336.05
06:31:29 AM    323.99    140.54    183.45  35978.38  44413.51
06:31:32 AM    376.53    195.92    180.61  50155.10  43346.94
06:31:35 AM    337.41    152.38    185.03  39009.52  44723.81
06:31:38 AM    364.97    185.03    179.93  47368.71  43333.33
06:31:41 AM    310.74    134.23    176.51  34362.42  42751.68
06:31:44 AM    376.45    196.59    179.86  50326.28  43475.77
06:31:47 AM    354.03    171.81    182.21  43983.89  44110.07
06:31:50 AM    331.29    152.38    178.91  39009.52  43325.17
06:31:53 AM    373.90    195.25    178.64  49985.08  43186.44
06:31:56 AM    324.75    146.44    178.31  37488.81  43178.31
06:31:59 AM    379.66    195.25    184.41  49985.08  44583.05
06:32:02 AM    363.61    179.59    184.01  45975.51  44710.20
06:32:05 AM    312.84    140.54    172.30  35978.38  41648.65
06:32:08 AM    359.18    185.03    174.15  47368.71  41942.86
06:32:11 AM    279.73    129.73    150.00  33210.81  36105.41
06:32:14 AM    329.05    151.35    177.70  38745.95  43024.32
06:32:17 AM    267.57    129.73    137.84  33210.81  33318.92
06:32:20 AM    318.64    151.86    166.78  38877.29  40401.36
06:32:23 AM    357.29    189.83    167.46  48596.61  40404.07
06:32:26 AM    317.17    140.07    177.10  35857.24  42879.46
06:32:29 AM    358.84    179.59    179.25  45975.51  43330.61
06:32:32 AM    364.29    185.03    179.25  47368.71  43325.17
06:32:35 AM    330.85    146.44    184.41  37488.81  44574.92
06:32:38 AM    312.12    140.07    172.05  35857.24  41516.50
06:32:41 AM    375.17    195.92    179.25  50155.10  43333.33
06:32:44 AM    382.88    202.74    180.14  51901.37  43619.18
06:32:47 AM    318.86    134.68    184.18  34478.11  44280.13
06:32:50 AM    374.83    190.48    184.35  48761.90  44726.53
06:32:53 AM    331.97    152.38    179.59  39009.52  43327.89
06:32:56 AM    341.84    168.71    173.13  43189.12  41926.53
06:32:59 AM     60.00     32.00     28.00   8192.00   6848.00
06:33:02 AM     38.00     26.67     11.33   6826.67   2741.33
06:33:05 AM     44.48     16.05     28.43   4109.70   6870.90
06:33:08 AM     45.82     16.05     29.77   4109.70   6892.31
06:33:11 AM    104.01     58.86     45.15  15068.90  10993.98
06:33:14 AM     44.67      5.33     39.33   1365.33   9589.33
06:33:17 AM    121.07     69.57     51.51  17808.70  12379.93
06:33:20 AM    103.33     64.00     39.33  16384.00   9592.00
06:33:23 AM     63.00     10.67     52.33   2730.67  12338.67
06:33:26 AM    109.36     69.57     39.80  17808.70   9621.40
06:33:29 AM     50.84      0.00     50.84      0.00  12371.91
06:33:32 AM    103.32     63.79     39.53  16329.57   9557.48
06:33:35 AM    108.97     63.79     45.18  16329.57  10928.90
06:33:38 AM     39.46      0.00     39.46      0.00   9624.08
06:33:41 AM    104.33     64.00     40.33  16384.00   9600.00
06:33:44 AM     98.66     48.32     50.34  12370.47  12405.37
06:33:47 AM     50.67      5.33     45.33   1365.33  10965.33
06:33:50 AM    109.70     64.21     45.48  16438.80  10999.33
06:33:53 AM    110.40     64.43     45.97  16493.96  11044.30
06:33:56 AM     56.00      5.33     50.67   1365.33  12333.33
06:33:59 AM    110.07     69.80     40.27  17868.46   9661.74
06:34:02 AM     34.00      0.00     34.00      0.00   8224.00
06:34:05 AM    114.72     74.92     39.80  19178.60   9621.40
06:34:08 AM     45.00      5.33     39.67   1365.33   9589.33
06:34:11 AM    120.40     64.21     56.19  16438.80  13741.81
06:34:14 AM    104.03     64.43     39.60  16493.96   9656.38
06:34:17 AM     51.00      5.33     45.67   1365.33  10968.00
06:34:20 AM     98.67     58.67     40.00  15018.67   9597.33
06:34:23 AM     77.59     32.11     45.48   8219.40  11002.01
06:34:26 AM     88.96     42.81     46.15  10959.20  11007.36
06:34:29 AM     98.33     53.51     44.82  13699.00  10993.98
06:34:32 AM    110.74     59.06     51.68  15119.46  12421.48
06:34:35 AM     71.67     26.67     45.00   6826.67  10957.33
06:34:38 AM    115.44     64.43     51.01  16493.96  12413.42
06:34:41 AM     56.00     10.67     45.33   2730.67  10965.33
06:34:44 AM    116.16     59.26     56.90  15170.37  13834.34
06:34:47 AM    109.70     64.21     45.48  16438.80  11002.01
06:34:50 AM     82.94     37.46     45.48   9589.30  10991.30
06:34:53 AM     78.60     32.11     46.49   8219.40  11012.71
06:34:56 AM     99.00     53.51     45.48  13699.00  11002.01
06:34:59 AM     87.92     48.32     39.60  12370.47   9656.38
06:35:02 AM     56.15     15.95     40.20   4082.39   9568.11
06:35:05 AM    110.07     59.06     51.01  15119.46  12413.42
06:35:08 AM     93.31     48.16     45.15  12329.10  10993.98
06:35:11 AM     66.56     26.76     39.80   6849.50   9621.40
06:35:14 AM     99.00     53.51     45.48  13699.00  11002.01
06:35:17 AM     55.52     21.40     34.11   5479.60   8251.51
Average:       225.77    109.41    116.37  28007.91  28113.74
