Linux 4.2.2 (vm3_28) 	07/18/2017 	_x86_64_	(1 CPU)

06:23:10 AM       tps      rtps      wtps   bread/s   bwrtn/s
06:23:13 AM    292.15    147.44    144.71  37744.71  35074.40
06:23:16 AM    298.98    151.86    147.12  38877.29  34855.59
06:23:19 AM    331.19    141.02    190.17  36100.34  45955.25
06:23:22 AM    402.72    212.24    190.48  54334.69  46125.17
06:23:25 AM    328.62    134.68    193.94  34478.11  46857.91
06:23:28 AM    379.66    200.68    178.98  51373.56  43360.00
06:23:31 AM    400.00    196.59    203.41  50326.28  49081.23
06:23:34 AM    368.14    184.41    183.73  47208.14  44564.07
06:23:37 AM    349.32    146.94    202.38  37616.33  48917.01
06:23:40 AM    366.33    188.55    177.78  48269.36  42898.32
06:23:43 AM    384.46    189.19    195.27  48432.43  47197.30
06:23:46 AM    345.95    167.57    178.38  42897.30  43045.95
06:23:49 AM    376.19    179.59    196.60  45975.51  47526.53
06:23:52 AM    336.15    162.16    173.99  41513.51  41664.86
06:23:55 AM    394.86    197.26    197.60  50498.63  47843.84
06:23:58 AM    319.32    146.44    172.88  37488.81  41795.25
06:24:01 AM    376.17    187.92    188.26  48107.38  45503.36
06:24:04 AM    323.99    145.95    178.04  37362.16  43032.43
06:24:07 AM    362.71    189.83    172.88  48596.61  41795.25
06:24:10 AM    313.18    135.14    178.04  34594.59  43027.03
06:24:13 AM    385.71    206.80    178.91  52941.50  43336.05
06:24:16 AM    318.98    151.86    167.12  38877.29  40382.37
06:24:19 AM    290.85    135.59    155.25  34711.86  37610.85
06:24:22 AM    309.15    141.02    168.14  36100.34  40401.36
06:24:25 AM    386.39    206.80    179.59  52941.50  43333.33
06:24:28 AM    318.64    146.44    172.20  37488.81  41778.98
06:24:31 AM    362.16    172.97    189.19  44281.08  45816.22
06:24:34 AM    336.73    163.27    173.47  41795.92  41923.81
06:24:37 AM    357.97    173.56    184.41  44431.19  44583.05
06:24:40 AM    359.73    180.20    179.52  46132.42  43475.77
06:24:43 AM    352.88    168.14    184.75  43042.71  44577.63
06:24:46 AM    358.84    179.59    179.25  45975.51  43327.89
06:24:49 AM    343.69    158.36    185.32  40540.61  44876.45
06:24:52 AM    322.56    156.23    166.33  39994.61  40134.68
06:24:55 AM    352.36    167.57    184.80  42897.30  44440.54
06:24:58 AM    365.10    182.55    182.55  46732.89  44120.81
06:25:01 AM    324.32    156.76    167.57  40129.73  40262.16
06:25:04 AM    330.85    151.86    178.98  38877.29  43189.15
06:25:07 AM    370.65    196.59    174.06  50326.28  42077.82
06:25:10 AM    323.65    145.95    177.70  37362.16  43027.03
06:25:13 AM    369.73    190.48    179.25  48761.90  43327.89
06:25:16 AM    329.39    151.35    178.04  38745.95  43037.84
06:25:19 AM    351.19    184.41    166.78  47208.14  40390.51
06:25:22 AM    285.14    129.73    155.41  33210.81  37486.49
06:25:25 AM    319.32    141.02    178.31  36100.34  43183.73
06:25:28 AM    279.66    135.59    144.07  34711.86  34831.19
06:25:31 AM    387.41    201.36    186.05  51548.30  44734.69
06:25:34 AM    254.88    134.68    120.20  34478.11  29053.20
06:25:37 AM    212.79     75.42    137.37  19307.74  33212.12
06:25:40 AM    333.90    184.41    149.49  47208.14  36222.37
06:25:43 AM    329.39    145.95    183.45  37362.16  44421.62
06:25:46 AM    368.14    195.25    172.88  49985.08  41789.83
06:25:49 AM    326.10    135.59    190.51  34711.86  45957.97
06:25:52 AM    373.22    200.68    172.54  51373.56  41789.83
06:25:55 AM    307.77    129.73    178.04  33210.81  43035.14
06:25:58 AM    377.97    206.10    171.86  52762.03  41778.98
06:26:01 AM    314.58    130.17    184.41  33323.39  44566.78
06:26:04 AM    362.71    189.83    172.88  48596.61  41792.54
06:26:07 AM    341.22    156.76    184.46  40129.73  44424.32
06:26:10 AM    369.39    190.48    178.91  48761.90  43325.17
06:26:13 AM    338.93    150.34    188.59  38485.91  45506.04
06:26:16 AM    313.67    149.33    164.33  38229.33  39722.67
06:26:19 AM    183.78     91.89     91.89  23524.32  22208.11
06:26:22 AM     22.00     10.67     11.33   2730.67   2741.33
06:26:25 AM     11.30      0.00     11.30      0.00   2732.23
06:26:28 AM     70.33     53.33     17.00  13653.33   4106.67
06:26:31 AM     27.91      0.00     27.91      0.00   6825.25
06:26:34 AM     33.33     10.67     22.67   2730.67   5482.67
06:26:37 AM     81.88     53.69     28.19  13744.97   6896.64
06:26:40 AM     39.46     10.70     28.76   2739.80   6878.93
06:26:43 AM     82.94     53.51     29.43  13699.00   6892.31
06:26:46 AM     51.33     16.00     35.33   4096.00   8229.33
06:26:49 AM     65.77     37.58     28.19   9621.48   6896.64
06:26:52 AM     44.67     16.00     28.67   4096.00   6856.00
06:26:55 AM     49.50     21.40     28.09   5479.60   6876.25
06:26:58 AM     77.78     43.10     34.68  11033.00   8304.38
06:27:01 AM     27.91      5.32     22.59   1360.80   5464.45
06:27:04 AM     82.15     53.87     28.28  13791.25   6919.87
06:27:07 AM     28.57      0.00     28.57      0.00   6833.22
06:27:10 AM     81.61     53.51     28.09  13699.00   6873.58
06:27:13 AM     44.48     16.05     28.43   4109.70   6870.90
06:27:16 AM     45.48     10.70     34.78   2739.80   8254.18
06:27:19 AM     92.62     59.06     33.56  15119.46   8271.14
06:27:22 AM     34.00      0.00     34.00      0.00   8221.33
06:27:25 AM     98.66     64.21     34.45  16438.80   8254.18
06:27:28 AM     33.44      5.35     28.09   1369.90   6873.58
06:27:31 AM     87.63     58.86     28.76  15068.90   6878.93
06:27:34 AM     33.33      0.00     33.33      0.00   8216.00
06:27:37 AM     82.00     53.33     28.67  13653.33   6856.00
06:27:40 AM     44.00     16.00     28.00   4096.00   6850.67
06:27:43 AM     44.82     10.70     34.11   2739.80   8254.18
06:27:46 AM     87.96     58.86     29.10  15068.90   6881.61
06:27:49 AM     44.15     16.05     28.09   4109.70   6873.58
06:27:52 AM     55.67     26.67     29.00   6826.67   6858.67
06:27:55 AM     44.48     16.05     28.43   4109.70   6873.58
06:27:58 AM     82.27     48.16     34.11  12329.10   8251.51
06:28:01 AM     49.33     21.33     28.00   5461.33   6850.67
06:28:04 AM     44.82     10.70     34.11   2739.80   8251.51
06:28:07 AM     82.55     53.69     28.86  13744.97   6902.01
06:28:10 AM     27.91      0.00     27.91      0.00   6827.91
06:28:13 AM     92.98     64.21     28.76  16438.80   6878.93
06:28:16 AM     33.78      5.35     28.43   1369.90   6878.93
06:28:19 AM     28.67      0.00     28.67      0.00   6856.00
06:28:22 AM     98.66     69.80     28.86  17868.46   6907.38
06:28:25 AM     28.67      0.00     28.67      0.00   6856.00
06:28:28 AM    103.68     69.57     34.11  17808.70   8246.15
06:28:31 AM     34.33      0.00     34.33      0.00   8221.33
06:28:34 AM     28.00      0.00     28.00      0.00   6850.67
06:28:37 AM    104.03     69.80     34.23  17868.46   8276.51
06:28:40 AM     28.09      0.00     28.09      0.00   6873.58
Average:       216.90    105.05    111.85  26893.75  27020.89
