Linux 4.2.2 (vm3_28) 	07/18/2017 	_x86_64_	(1 CPU)

06:03:08 AM       tps      rtps      wtps   bread/s   bwrtn/s
06:03:11 AM    262.93    136.05    126.87  34829.93  30775.51
06:03:14 AM    312.16    151.35    160.81  38745.95  38886.49
06:03:17 AM    397.99    193.29    204.70  49481.88  49634.90
06:03:20 AM    393.86    196.59    197.27  50326.28  47680.55
06:03:23 AM    347.80    157.29    190.51  40265.76  45963.39
06:03:26 AM    385.71    201.36    184.35  51548.30  44723.81
06:03:29 AM    374.58    178.98    195.59  45819.66  47357.29
06:03:32 AM    334.80    156.76    178.04  40129.73  43037.84
06:03:35 AM    387.41    195.92    191.50  50155.10  46122.45
06:03:38 AM    377.10    188.55    188.55  48269.36  45648.48
06:03:41 AM    324.50    139.60    184.90  35736.91  44147.65
06:03:44 AM    398.63    202.05    196.59  51724.23  47672.35
06:03:47 AM    336.27    151.86    184.41  38877.29  44577.63
06:03:50 AM    387.37    202.05    185.32  51724.23  44873.72
06:03:53 AM    413.56    211.53    202.03  54150.51  48762.03
06:03:56 AM    312.12    129.29    182.83  33098.99  44272.05
06:03:59 AM    382.15    199.33    182.83  51027.61  44272.05
06:04:02 AM    324.66    135.14    189.53  34594.59  45810.81
06:04:05 AM    395.93    211.53    184.41  54150.51  44569.49
06:04:08 AM    353.74    174.15    179.59  44582.31  43325.17
06:04:11 AM    307.46    151.86    155.59  38877.29  37610.85
06:04:14 AM    296.30    140.07    156.23  35857.24  37368.35
06:04:17 AM    319.66    141.02    178.64  36100.34  43170.17
06:04:20 AM    376.11    202.05    174.06  51724.23  42077.82
06:04:23 AM    330.51    146.44    184.07  37488.81  44572.20
06:04:26 AM    364.43    193.29    171.14  49481.88  41361.07
06:04:29 AM    309.52    130.61    178.91  33436.73  43330.61
06:04:32 AM    313.18    140.54    172.64  35978.38  41648.65
06:04:35 AM    400.00    210.81    189.19  53967.57  45810.81
06:04:38 AM    320.41    146.94    173.47  37616.33  41923.81
06:04:41 AM    368.81    189.83    178.98  48596.61  43191.86
06:04:44 AM    317.91    145.95    171.96  37362.16  41645.95
06:04:47 AM    364.77    187.92    176.85  48107.38  42748.99
06:04:50 AM    257.91    113.13    144.78  28961.62  34615.49
06:04:53 AM    273.22    135.59    137.63  34711.86  33434.58
06:04:56 AM    361.49    183.78    177.70  47048.65  43029.73
06:04:59 AM    326.19    146.94    179.25  37616.33  43319.73
06:05:02 AM    311.82    151.35    160.47  38745.95  38872.97
06:05:05 AM    360.07    177.18    182.89  45358.39  44128.86
06:05:08 AM    327.95    156.23    171.72  39994.61  41492.26
06:05:11 AM    375.85    185.03    190.82  47368.71  46122.45
06:05:14 AM    315.77    150.34    165.44  38485.91  39989.26
06:05:17 AM    374.25    192.64    181.61  49316.39  43970.57
06:05:20 AM    314.97    136.05    178.91  34829.93  43325.17
06:05:23 AM    379.66    200.68    178.98  51373.56  43178.31
06:05:26 AM    281.36    135.59    145.76  34711.86  34847.46
06:05:29 AM    189.90     80.81    109.09  20686.87  26294.95
06:05:32 AM    282.55    134.23    148.32  34362.42  35871.14
06:05:35 AM    233.78    118.92    114.86  30443.24  27767.57
06:05:38 AM    325.17    157.82    167.35  40402.72  40530.61
06:05:41 AM    329.39    151.35    178.04  38745.95  43035.14
06:05:44 AM    363.05    189.83    173.22  48596.61  41792.54
06:05:47 AM    328.62    140.07    188.55  35857.24  45661.95
06:05:50 AM    334.24    184.41    149.83  47208.14  36208.81
06:05:53 AM    205.39     75.42    129.97  19307.74  31814.14
06:05:56 AM    356.61    200.68    155.93  51373.56  37613.56
06:05:59 AM    312.84    135.14    177.70  34594.59  43037.84
06:06:02 AM    310.54    141.50    169.05  36223.13  40544.22
06:06:05 AM    377.10    199.33    177.78  51027.61  42901.01
06:06:08 AM    311.11    140.07    171.04  35857.24  41503.03
06:06:11 AM    385.42    200.68    184.75  51373.56  44574.92
06:06:14 AM    262.37    130.17    132.20  33323.39  32032.54
06:06:17 AM     33.11      5.30     27.81   1356.29   6802.65
06:06:20 AM     27.42     16.05     11.37   4109.70   2750.50
06:06:23 AM     44.15     26.76     17.39   6849.50   4128.43
06:06:26 AM     76.92     37.46     39.46   9589.30   9624.08
06:06:29 AM     44.82     16.05     28.76   4109.70   6878.93
06:06:32 AM     55.00     21.33     33.67   5461.33   8213.33
06:06:35 AM     72.24     42.81     29.43  10959.20   6884.28
06:06:38 AM     60.67     26.67     34.00   6826.67   8232.00
06:06:41 AM     50.17     21.40     28.76   5479.60   6878.93
06:06:44 AM     60.00     32.00     28.00   8192.00   6850.67
06:06:47 AM     60.67     26.67     34.00   6826.67   8224.00
06:06:50 AM     60.67     32.00     28.67   8192.00   6856.00
06:06:53 AM     55.52     27.42     28.09   6961.87   6876.25
06:06:56 AM     71.67     37.33     34.33   9557.33   8221.33
06:06:59 AM     44.15     16.05     28.09   4109.70   6873.58
06:07:02 AM     49.83     21.26     28.57   5443.19   6833.22
06:07:05 AM     77.52     42.95     34.56  10995.97   8281.88
06:07:08 AM     49.50     21.40     28.09   5479.60   6873.58
06:07:11 AM     84.85     48.48     36.36  12412.12   8317.85
06:07:14 AM     44.15     16.05     28.09   4109.70   6873.58
06:07:17 AM     60.87     32.11     28.76   8219.40   6868.23
06:07:20 AM     55.67     16.00     39.67   4096.00   9589.33
06:07:23 AM     82.55     48.32     34.23  12370.47   8279.19
06:07:26 AM     49.34     10.60     38.74   2712.58   9517.88
06:07:29 AM     99.33     64.65     34.68  16549.49   8304.38
06:07:32 AM     33.33      5.33     28.00   1365.33   6850.67
06:07:35 AM     98.99     64.65     34.34  16549.49   8307.07
06:07:38 AM     33.89      0.00     33.89      0.00   8196.68
06:07:41 AM     98.99     64.43     34.56  16493.96   8281.88
06:07:44 AM     39.33      0.00     39.33      0.00   9592.00
06:07:47 AM    109.00     80.00     29.00  20480.00   6858.67
06:07:50 AM     44.48     10.70     33.78   2739.80   8243.48
06:07:53 AM     41.67      7.33     34.33    130.67   8224.00
06:07:56 AM    122.74     89.30     33.44  19574.58   8243.48
06:07:59 AM     52.84     18.73     34.11   4280.94   8251.51
06:08:02 AM     52.67     18.67     34.00   4208.00   8224.00
06:08:05 AM     92.28     57.72     34.56  13991.95   8279.19
06:08:08 AM     44.82     10.70     34.11   2739.80   8251.51
06:08:11 AM     87.92     53.69     34.23  13744.97   8279.19
06:08:14 AM     44.67     10.67     34.00   2730.67   8224.00
06:08:17 AM     93.98     53.51     40.47  13699.00   9640.13
06:08:20 AM     50.84     16.05     34.78   4109.70   8251.51
06:08:23 AM     92.67     58.67     34.00  15018.67   8224.00
06:08:26 AM     50.17     10.70     39.46   2739.80   9621.40
06:08:29 AM     92.98     58.86     34.11  15068.90   8251.51
06:08:32 AM     44.33     10.67     33.67   2730.67   8216.00
06:08:35 AM     88.22     53.87     34.34  13791.25   8307.07
06:08:38 AM     50.00     16.00     34.00   4096.00   8224.00
Average:       215.43    104.68    110.75  26733.54  26761.44
