Linux 4.2.2 (vm3_28) 	07/18/2017 	_x86_64_	(1 CPU)

06:09:50 AM       tps      rtps      wtps   bread/s   bwrtn/s
06:09:53 AM    176.17    102.01     74.16  26115.44  17946.31
06:09:56 AM    222.22     96.97    125.25  24824.24  30435.02
06:09:59 AM    395.61    200.00    195.61  51200.00  47202.70
06:10:02 AM    272.05    123.91    148.15  31719.87  35964.98
06:10:05 AM    145.97     64.43     81.54  16493.96  19323.49
06:10:08 AM    256.95    124.75    132.20  31934.92  32040.68
06:10:11 AM    386.58    193.29    193.29  49481.88  46867.11
06:10:14 AM    392.86    195.92    196.94  50155.10  47523.81
06:10:17 AM    312.12    134.68    177.44  34478.11  42892.93
06:10:20 AM    401.03    197.26    203.77  50498.63  49254.79
06:10:23 AM    381.63    195.92    185.71  50155.10  44740.14
06:10:26 AM    390.85    195.25    195.59  49985.08  47351.86
06:10:29 AM    372.97    183.78    189.19  47048.65  45818.92
06:10:32 AM    342.37    151.86    190.51  38877.29  45957.97
06:10:35 AM    379.39    183.78    195.61  47048.65  47194.59
06:10:38 AM    325.68    145.95    179.73  37362.16  43043.24
06:10:41 AM    393.60    204.71    188.89  52406.73  45667.34
06:10:44 AM    379.66    189.83    189.83  48596.61  45971.53
06:10:47 AM    324.32    145.95    178.38  37362.16  43040.54
06:10:50 AM    373.90    189.83    184.07  48596.61  44572.20
06:10:53 AM    393.27    204.71    188.55  52406.73  45653.87
06:10:56 AM    316.44    139.60    176.85  35736.91  42748.99
06:10:59 AM    293.65    133.78    159.87  34247.49  38485.62
06:11:02 AM    288.55    140.07    148.48  35857.24  35970.37
06:11:05 AM    317.57    151.35    166.22  38745.95  40264.86
06:11:08 AM    359.93    193.94    165.99  49648.48  40123.91
06:11:11 AM    270.23    133.78    136.45  34247.49  32992.64
06:11:14 AM    291.86    135.59    156.27  34711.86  37616.27
06:11:17 AM    279.66    124.75    154.92  31934.92  37610.85
06:11:20 AM    336.91    171.81    165.10  43983.89  39989.26
06:11:23 AM    299.66    139.60    160.07  35736.91  38617.45
06:11:26 AM    293.29    134.23    159.06  34362.42  38606.71
06:11:29 AM    309.73    161.07    148.66  41234.90  35857.72
06:11:32 AM    321.89    161.62    160.27  41373.74  38739.39
06:11:35 AM    303.39    135.59    167.80  34711.86  40412.20
06:11:38 AM    294.28    145.45    148.82  37236.36  35975.76
06:11:41 AM    283.84    129.29    154.55  33098.99  37360.27
06:11:44 AM    351.19    189.83    161.36  48596.61  39007.46
06:11:47 AM    300.00    145.45    154.55  37236.36  37357.58
06:11:50 AM    298.98    130.61    168.37  33436.73  40546.94
06:11:53 AM    283.50    134.68    148.82  34478.11  35983.84
06:11:56 AM    344.93    183.78    161.15  47048.65  38872.97
06:11:59 AM    314.29    152.38    161.90  39009.52  39129.25
06:12:02 AM    296.61    135.59    161.02  34711.86  39004.75
06:12:05 AM    291.19    135.59    155.59  34711.86  37605.42
06:12:08 AM    278.45    129.29    149.16  33098.99  35981.14
06:12:11 AM    347.32    193.29    154.03  49481.88  37232.21
06:12:14 AM    294.30    128.86    165.44  32987.92  39981.21
06:12:17 AM    288.89    134.68    154.21  34478.11  37352.19
06:12:20 AM    266.55    140.54    126.01  35978.38  30540.54
06:12:23 AM    179.19     64.43    114.77  16493.96  27589.26
06:12:26 AM    285.37    146.94    138.44  37616.33  33545.58
06:12:29 AM    261.28    129.29    131.99  33098.99  31833.00
06:12:32 AM    335.59    162.71    172.88  41654.24  41787.12
06:12:35 AM    352.72    179.59    173.13  45975.51  41923.81
06:12:38 AM    330.51    146.44    184.07  37488.81  44566.78
06:12:41 AM    378.04    200.00    178.04  51200.00  43032.43
06:12:44 AM    327.52    150.34    177.18  38485.91  42759.73
06:12:47 AM    313.18    140.54    172.64  35978.38  41648.65
06:12:50 AM    369.39    190.48    178.91  48761.90  43327.89
06:12:53 AM    366.89    189.19    177.70  48432.43  43040.54
06:12:56 AM    310.07    150.34    159.73  38485.91  38612.08
06:12:59 AM     18.33      0.00     18.33      0.00   4125.33
06:13:02 AM     11.00      0.00     11.00      0.00   2733.33
06:13:05 AM     44.15     21.40     22.74   5479.60   5501.00
06:13:08 AM     87.63     58.86     28.76  15068.90   6878.93
06:13:11 AM     28.00      0.00     28.00      0.00   6850.67
06:13:14 AM     92.93     58.59     34.34  14997.98   8307.07
06:13:17 AM     56.19     22.07     34.11   5650.84   8251.51
06:13:20 AM     62.00     21.33     40.67   5461.33   9600.00
06:13:23 AM     76.85     37.58     39.26   9621.48   9645.64
06:13:26 AM     87.63     53.51     34.11  13699.00   8248.83
06:13:29 AM     55.52     21.40     34.11   5479.60   8251.51
06:13:32 AM     61.07     26.85     34.23   6872.48   8279.19
06:13:35 AM     66.22     32.11     34.11   8219.40   8251.51
06:13:38 AM     44.82     10.70     34.11   2739.80   8251.51
06:13:41 AM     92.33     58.67     33.67  15018.67   8216.00
06:13:44 AM     50.17     16.05     34.11   4109.70   8248.83
06:13:47 AM     92.98     58.86     34.11  15068.90   8251.51
06:13:50 AM     33.78      5.35     28.43   1369.90   6870.90
06:13:53 AM    109.40     69.80     39.60  17868.46   9659.06
06:13:56 AM     35.79      0.00     35.79      0.00   8264.88
06:13:59 AM     66.33     32.00     34.33   8192.00   8221.33
06:14:02 AM     60.40     32.21     28.19   8246.98   6896.64
06:14:05 AM     34.00      0.00     34.00      0.00   8224.00
06:14:08 AM    110.07     69.80     40.27  17868.46   9661.74
06:14:11 AM     34.00      0.00     34.00      0.00   8224.00
06:14:14 AM    103.69     69.80     33.89  17868.46   8271.14
06:14:17 AM     39.67      5.33     34.33   1365.33   8221.33
06:14:20 AM     93.29     59.06     34.23  15119.46   8279.19
06:14:23 AM     71.81     32.21     39.60   8246.98   9656.38
06:14:26 AM     66.56     32.11     34.45   8219.40   8248.83
06:14:29 AM    110.44     59.26     51.18  15170.37  12452.53
06:14:32 AM     61.54     21.40     40.13   5479.60   9629.43
06:14:35 AM     93.29     59.06     34.23  15119.46   8279.19
06:14:38 AM     55.33     10.67     44.67   2730.67  10954.67
06:14:41 AM    104.36     64.43     39.93  16493.96   9653.69
06:14:44 AM     28.00      0.00     28.00      0.00   6850.67
06:14:47 AM    109.70     69.57     40.13  17808.70   9629.43
06:14:50 AM     39.33      0.00     39.33      0.00   9592.00
06:14:53 AM    104.73     70.27     34.46  17989.19   8337.84
06:14:56 AM     34.00      0.00     34.00      0.00   8224.00
06:14:59 AM    103.68     69.57     34.11  17808.70   8251.51
06:15:02 AM     45.33      5.33     40.00   1365.33   9597.33
06:15:05 AM     93.98     58.86     35.12  15068.90   8264.88
06:15:08 AM     61.07     21.48     39.60   5497.99   9653.69
06:15:11 AM     76.92     37.46     39.46   9589.30   9613.38
06:15:14 AM     44.67      5.33     39.33   1365.33   9589.33
06:15:17 AM    109.76     75.42     34.34  19307.74   8304.38
06:15:20 AM     44.67     10.67     34.00   2730.67   8213.33
Average:       207.12    100.45    106.67  25715.81  25776.77
