Linux 4.2.2 (vm3_28) 	07/18/2017 	_x86_64_	(1 CPU)

07:03:20 AM       tps      rtps      wtps   bread/s   bwrtn/s
07:03:23 AM    228.04    113.51    114.53  29059.46  27800.00
07:03:26 AM    273.90    135.59    138.31  34711.86  33434.58
07:03:29 AM    372.97    183.78    189.19  47048.65  45802.70
07:03:32 AM    334.80    151.35    183.45  38745.95  44424.32
07:03:35 AM    386.73    195.92    190.82  50155.10  46133.33
07:03:38 AM    319.32    146.44    172.88  37488.81  41792.54
07:03:41 AM    396.61    200.68    195.93  51373.56  47351.86
07:03:44 AM    366.33    177.78    188.55  45511.11  45648.48
07:03:47 AM    357.09    167.57    189.53  42897.30  45818.92
07:03:50 AM    327.89    152.38    175.51  39009.52  41937.41
07:03:53 AM    370.75    174.15    196.60  44582.31  47523.81
07:03:56 AM    407.80    211.53    196.27  54150.51  47376.27
07:03:59 AM    369.39    190.48    178.91  48761.90  43322.45
07:04:02 AM    314.24    130.17    184.07  33323.39  44564.07
07:04:05 AM    380.00    195.25    184.75  49985.08  44583.05
07:04:08 AM    385.42    195.25    190.17  49985.08  45966.10
07:04:11 AM    321.09    136.05    185.03  34829.93  44734.69
07:04:14 AM    398.65    215.49    183.16  55164.98  44274.75
07:04:17 AM    316.95    130.17    186.78  33323.39  45176.95
07:04:20 AM    369.02    193.94    175.08  49648.48  42292.26
07:04:23 AM    306.06    140.07    165.99  35857.24  40118.52
07:04:26 AM    290.24    134.68    155.56  34478.11  37365.66
07:04:29 AM    301.01    140.07    160.94  35857.24  38739.39
07:04:32 AM    290.20    140.54    149.66  35978.38  36094.59
07:04:35 AM    373.56    195.25    178.31  49985.08  43191.86
07:04:38 AM    302.37    135.59    166.78  34711.86  40393.22
07:04:41 AM    380.61    201.36    179.25  51548.30  43325.17
07:04:44 AM    296.62    129.73    166.89  33210.81  40267.57
07:04:47 AM    378.04    200.00    178.04  51200.00  43032.43
07:04:50 AM    318.24    140.54    177.70  35978.38  43024.32
07:04:53 AM    351.86    178.98    172.88  45819.66  41789.83
07:04:56 AM    356.95    184.41    172.54  47208.14  41778.98
07:04:59 AM    315.99    136.05    179.93  34829.93  43341.50
07:05:02 AM    311.45    145.45    165.99  37236.36  40123.91
07:05:05 AM    372.95    197.26    175.68  50498.63  42235.62
07:05:08 AM    303.38    129.73    173.65  33210.81  41986.49
07:05:11 AM    375.76    193.94    181.82  49648.48  43929.97
07:05:14 AM    316.84    145.45    171.38  37236.36  41508.42
07:05:17 AM    357.29    184.41    172.88  47208.14  41789.83
07:05:20 AM    317.51    145.45    172.05  37236.36  41511.11
07:05:23 AM    386.58    204.03    182.55  52230.87  44110.07
07:05:26 AM    310.96    142.47    168.49  36471.23  40800.00
07:05:29 AM    305.70    134.23    171.48  34362.42  41371.81
07:05:32 AM    312.50    145.95    166.55  37362.16  40256.76
07:05:35 AM    403.74    217.69    186.05  55727.89  44737.41
07:05:38 AM    306.06    134.68    171.38  34478.11  41505.72
07:05:41 AM    295.95    145.95    150.00  37362.16  36097.30
07:05:44 AM    239.32    124.75    114.58  31934.92  27853.56
07:05:47 AM    295.95    135.14    160.81  34594.59  38870.27
07:05:50 AM    238.51    129.73    108.78  33210.81  26381.08
07:05:53 AM    318.24    140.54    177.70  35978.38  43035.14
07:05:56 AM    323.65    151.35    172.30  38745.95  41643.24
07:05:59 AM    362.16    183.78    178.38  47048.65  43040.54
07:06:02 AM    319.32    146.44    172.88  37488.81  41795.25
07:06:05 AM    362.37    189.83    172.54  48596.61  41789.83
07:06:08 AM    315.05    144.48    170.57  36987.29  41228.09
07:06:11 AM    347.44    169.28    178.16  43336.52  42784.98
07:06:14 AM    342.91    162.16    180.74  41513.51  43729.73
07:06:17 AM    376.11    196.59    179.52  50326.28  43467.58
07:06:20 AM    291.22    124.32    166.89  31827.03  40259.46
07:06:23 AM    377.70    200.00    177.70  51200.00  43027.03
07:06:26 AM    328.38    150.68    177.70  38572.97  43035.14
07:06:29 AM    195.27    103.38     91.89  26464.86  22210.81
07:06:32 AM     11.30      0.00     11.30      0.00   2732.23
07:06:35 AM     36.67     19.33     17.33   4949.33   4114.67
07:06:38 AM     18.67      7.33     11.33   1877.33   2741.33
07:06:41 AM     10.67      5.33      5.33   1365.33   1368.00
07:06:44 AM     49.33     32.00     17.33   8192.00   4114.67
07:06:47 AM      0.00      0.00      0.00      0.00      0.00
07:06:50 AM      0.00      0.00      0.00      0.00      0.00
07:06:53 AM     12.33      0.00     12.33      0.00   2744.00
07:06:56 AM     50.50     16.05     34.45   4109.70   8259.53
07:06:59 AM     81.33     53.33     28.00  13653.33   6850.67
07:07:02 AM     50.00     10.67     39.33   2730.67   9589.33
07:07:05 AM     86.20     57.24     28.96  14653.20   6927.95
07:07:08 AM     41.20     12.62     28.57   3231.89   6833.22
07:07:11 AM     49.83     16.05     33.78   4109.70   8243.48
07:07:14 AM     71.14     42.28     28.86  10824.16   6902.01
07:07:17 AM     57.53     29.43     28.09   7534.45   6873.58
07:07:20 AM     59.53     24.75     34.78   6335.79   8251.51
07:07:23 AM     76.25     42.14     34.11  10787.96   8251.51
07:07:26 AM     50.17     21.74     28.43   5565.22   6876.25
07:07:29 AM     29.10      0.33     28.76     85.62   6878.93
07:07:32 AM    100.00     64.43     35.57  16493.96   8289.93
07:07:35 AM     28.33      0.00     28.33      0.00   6848.00
07:07:38 AM    109.03     69.57     39.46  17808.70   9621.40
07:07:41 AM     34.11      0.00     34.11      0.00   8251.51
07:07:44 AM     91.30     68.56     22.74  17551.84   5506.35
07:07:47 AM     29.67      1.00     28.67    256.00   6856.00
07:07:50 AM     60.40     15.44     44.97   3951.68  11028.19
07:07:53 AM     77.33     48.67     28.67  12458.67   6858.67
07:07:56 AM     49.83     21.26     28.57   5443.19   6830.56
07:07:59 AM     76.25     42.81     33.44  10959.20   8243.48
07:08:02 AM     33.44     10.37     23.08   2654.18   5503.68
07:08:05 AM     71.10     42.86     28.24  10971.43   6825.25
07:08:08 AM     39.46     10.70     28.76   2739.80   6878.93
07:08:11 AM     90.64     56.52     34.11  14469.57   8251.51
07:08:14 AM     52.68     18.46     34.23   4724.83   8279.19
07:08:17 AM     49.67     21.33     28.33   5461.33   6856.00
07:08:20 AM     66.33     32.00     34.33   8192.00   8221.33
07:08:23 AM     68.90     29.43     39.46   7534.45   9621.40
07:08:26 AM     62.88     34.78     28.09   8904.35   6873.58
07:08:29 AM     44.67     16.00     28.67   4096.00   6856.00
07:08:32 AM     76.67     42.67     34.00  10922.67   8226.67
07:08:35 AM     60.54     32.11     28.43   8219.40   6873.58
07:08:38 AM     44.82     16.05     28.76   4109.70   6878.93
07:08:41 AM     54.67     26.67     28.00   6826.67   6850.67
07:08:44 AM     76.92     42.81     34.11  10959.20   8251.51
07:08:47 AM     50.17     16.05     34.11   4109.70   8251.51
07:08:50 AM     98.99     70.03     28.96  17928.62   6925.25
Average:       212.81    103.32    109.49  26450.46  26450.32
