Linux 4.2.2 (vm3_28) 	07/18/2017 	_x86_64_	(1 CPU)

06:56:40 AM       tps      rtps      wtps   bread/s   bwrtn/s
06:56:43 AM    293.49    147.95    145.55  37873.97  35210.96
06:56:46 AM    244.78    118.52    126.26  30340.74  30432.32
06:56:49 AM    318.98    146.44    172.54  37488.81  41787.12
06:56:52 AM    354.95    174.74    180.20  44734.47  43481.23
06:56:55 AM    364.07    173.56    190.51  44431.19  45963.39
06:56:58 AM    382.25    196.59    185.67  50326.28  44884.64
06:57:01 AM    309.86    130.61    179.25  33436.73  43317.01
06:57:04 AM    373.90    195.25    178.64  49985.08  43175.59
06:57:07 AM    389.19    200.00    189.19  51200.00  45810.81
06:57:10 AM    336.18    141.98    194.20  36346.76  46307.17
06:57:13 AM    375.85    190.48    185.37  48761.90  44740.14
06:57:16 AM    380.95    190.48    190.48  48761.90  46108.84
06:57:19 AM    330.85    146.44    184.41  37488.81  44577.63
06:57:22 AM    378.04    200.00    178.04  51200.00  43037.84
06:57:25 AM    324.32    140.54    183.78  35978.38  44427.03
06:57:28 AM    404.10    212.97    191.13  54520.14  46268.94
06:57:31 AM    324.66    140.54    184.12  35978.38  44421.62
06:57:34 AM    369.73    190.48    179.25  48761.90  43330.61
06:57:37 AM    315.77    139.60    176.17  35736.91  42738.26
06:57:40 AM    371.19    189.83    181.36  48596.61  43799.32
06:57:43 AM    379.93    190.48    189.46  48761.90  45526.53
06:57:46 AM    222.15     96.64    125.50  24740.94  30343.62
06:57:49 AM    359.73    191.13    168.60  48928.33  40679.86
06:57:52 AM    299.66    140.07    159.60  35857.24  38725.93
06:57:55 AM    291.19    135.59    155.59  34711.86  37605.42
06:57:58 AM    160.87     58.86    102.01  15068.90  24733.11
06:58:01 AM    369.05    195.92    173.13  50155.10  41918.37
06:58:04 AM    233.00    118.52    114.48  30340.74  27663.30
06:58:07 AM    324.32    140.54    183.78  35978.38  44418.92
06:58:10 AM    380.87    193.29    187.58  49481.88  45497.99
06:58:13 AM    380.95    195.92    185.03  50155.10  44726.53
06:58:16 AM    302.03    129.73    172.30  33210.81  41640.54
06:58:19 AM    376.19    195.92    180.27  50155.10  43349.66
06:58:22 AM    317.17    134.68    182.49  34478.11  44250.51
06:58:25 AM    387.07    206.80    180.27  52941.50  43338.78
06:58:28 AM    318.92    135.14    183.78  34594.59  44427.03
06:58:31 AM    378.98    200.68    178.31  51373.56  43172.88
06:58:34 AM    331.63    152.38    179.25  39009.52  43322.45
06:58:37 AM    378.98    200.68    178.31  51373.56  43183.73
06:58:40 AM    325.08    135.59    189.49  34711.86  45955.25
06:58:43 AM    380.95    201.36    179.59  51548.30  43341.50
06:58:46 AM    342.52    163.27    179.25  41795.92  43325.17
06:58:49 AM    347.96    168.71    179.25  43189.12  43319.73
06:58:52 AM    396.94    206.80    190.14  52941.50  46100.68
06:58:55 AM    329.97    140.07    189.90  35857.24  45659.26
06:58:58 AM    361.28    183.16    178.11  46890.24  42884.85
06:59:01 AM    341.02    162.71    178.31  41654.24  43172.88
06:59:04 AM    302.36    129.73    172.64  33210.81  41637.84
06:59:07 AM    369.46    204.03    165.44  52230.87  39991.95
06:59:10 AM    294.95    129.29    165.66  33098.99  40121.21
06:59:13 AM    279.05    129.73    149.32  33210.81  36105.41
06:59:16 AM    365.19    191.13    174.06  48928.33  42072.35
06:59:19 AM    296.28    124.32    171.96  31827.03  41640.54
06:59:22 AM    351.53    189.83    161.69  48596.61  39010.17
06:59:25 AM    322.90    145.45    177.44  37236.36  42890.24
06:59:28 AM    357.63    184.41    173.22  47208.14  41800.68
06:59:31 AM    310.74    139.60    171.14  35736.91  41371.81
06:59:34 AM    392.52    201.36    191.16  51548.30  46122.45
06:59:37 AM    320.40    144.15    176.25  36901.67  42592.64
06:59:40 AM    357.29    184.75    172.54  47294.92  41776.27
06:59:43 AM    308.14    141.02    167.12  36100.34  40390.51
06:59:46 AM    363.05    189.83    173.22  48596.61  41784.41
06:59:49 AM    150.67     69.80     80.87  17868.46  19557.05
06:59:52 AM     15.67      5.33     10.33   1365.33   2485.33
06:59:55 AM     33.33     10.67     22.67   2730.67   5485.33
06:59:58 AM     16.33      0.00     16.33      0.00   4098.67
07:00:01 AM     49.83     32.11     17.73   8219.40   4133.78
07:00:04 AM     33.78     16.05     17.73   4109.70   4139.13
07:00:07 AM     60.33     32.00     28.33   8192.00   6853.33
07:00:10 AM     45.48     21.40     24.08   5479.60   5519.73
07:00:13 AM     44.67     16.00     28.67   4096.00   6856.00
07:00:16 AM     53.85     26.76     27.09   6849.50   6691.64
07:00:19 AM     45.48     21.40     24.08   5479.60   5680.27
07:00:22 AM     81.54     47.99     33.56  12284.56   8271.14
07:00:25 AM     33.67     11.00     22.67   2816.00   5482.67
07:00:28 AM     54.67     26.67     28.00   6826.67   6848.00
07:00:31 AM     61.07     32.21     28.86   8246.98   6902.01
07:00:34 AM     44.33     21.33     23.00   5461.33   5477.33
07:00:37 AM     38.80     16.05     22.74   4109.70   5501.00
07:00:40 AM     60.20     30.10     30.10   7705.69   6889.63
07:00:43 AM     46.15     23.41     22.74   5993.31   5501.00
07:00:46 AM     40.13     10.70     29.43   2739.80   6884.28
07:00:49 AM     69.23     41.14     28.09  10531.10   6873.58
07:00:52 AM     62.75     28.52     34.23   7302.01   8276.51
07:00:55 AM     60.67     26.67     34.00   6826.67   8226.67
07:00:58 AM     60.20     37.46     22.74   9589.30   5501.00
07:01:01 AM     50.17     16.05     34.11   4109.70   8256.86
07:01:04 AM     54.85     26.76     28.09   6849.50   6873.58
07:01:07 AM     44.15     21.40     22.74   5479.60   5501.00
07:01:10 AM     50.00     21.33     28.67   5461.33   6856.00
07:01:13 AM     76.77     48.48     28.28  12412.12   6919.87
07:01:16 AM     33.67     10.67     23.00   2730.67   5480.00
07:01:19 AM     45.00     16.00     29.00   4096.00   6853.33
07:01:22 AM     71.33     37.33     34.00   9557.33   8224.00
07:01:25 AM     54.85     26.76     28.09   6849.50   6873.58
07:01:28 AM     39.13     10.70     28.43   2739.80   6870.90
07:01:31 AM     87.96     64.21     23.75  16438.80   5509.03
07:01:34 AM     45.67     10.67     35.00   2730.67   8242.67
07:01:37 AM     66.56     32.11     34.45   8219.40   8248.83
07:01:40 AM     49.83     16.05     33.78   4109.70   8243.48
07:01:43 AM     77.18     48.32     28.86  12370.47   6902.01
07:01:46 AM     55.52     21.40     34.11   5479.60   8251.51
07:01:49 AM     93.29     53.69     39.60  13744.97   9656.38
07:01:52 AM     34.00      5.33     28.67   1365.33   6856.00
07:01:55 AM     94.30     53.69     40.60  13744.97   9672.48
07:01:58 AM     55.85     21.40     34.45   5479.60   8248.83
07:02:01 AM     49.67     21.33     28.33   5461.33   6848.00
07:02:04 AM     82.55     42.95     39.60  10995.97   9653.69
07:02:07 AM     71.33     32.00     39.33   8192.00   9589.33
07:02:10 AM     78.60     42.81     35.79  10959.20   8267.56
Average:       214.27    103.83    110.44  26581.12  26668.64
