Linux 4.2.2 (vm3_28) 	07/18/2017 	_x86_64_	(1 CPU)

06:43:18 AM       tps      rtps      wtps   bread/s   bwrtn/s
06:43:21 AM    143.14     74.92     68.23  19178.60  16511.04
06:43:24 AM    353.58    185.67    167.92  47530.38  40660.75
06:43:27 AM    329.73    151.35    178.38  38745.95  43040.54
06:43:30 AM    355.56    172.39    183.16  44131.99  44277.44
06:43:33 AM    367.91    172.97    194.93  44281.08  47200.00
06:43:36 AM    380.95    195.92    185.03  50155.10  44729.25
06:43:39 AM    354.92    165.08    189.83  42261.69  45963.39
06:43:42 AM    329.77    152.84    176.92  39127.76  42608.70
06:43:45 AM    402.72    212.24    190.48  54334.69  46125.17
06:43:48 AM    332.65    141.50    191.16  36223.13  46133.33
06:43:51 AM    361.49    189.19    172.30  48432.43  41645.95
06:43:54 AM    396.92    202.74    194.18  51901.37  46468.49
06:43:57 AM    329.29    140.07    189.23  35857.24  45656.57
06:44:00 AM    382.25    196.59    185.67  50326.28  44879.18
06:44:03 AM    329.83    151.86    177.97  38877.29  43175.59
06:44:06 AM    357.97    173.56    184.41  44431.19  44569.49
06:44:09 AM    352.54    162.71    189.83  41654.24  45955.25
06:44:12 AM    360.61    177.78    182.83  45511.11  44277.44
06:44:15 AM    386.73    190.48    196.26  48761.90  47512.93
06:44:18 AM    392.18    206.80    185.37  52941.50  44723.81
06:44:21 AM    300.34    140.07    160.27  35857.24  38750.17
06:44:24 AM    276.59    123.08    153.51  31507.69  37096.99
06:44:27 AM    295.64    134.23    161.41  34362.42  38617.45
06:44:30 AM    372.64    200.00    172.64  51200.00  41627.03
06:44:33 AM    302.03    129.73    172.30  33210.81  41651.35
06:44:36 AM    370.31    196.59    173.72  50326.28  42069.62
06:44:39 AM    305.70    134.23    171.48  34362.42  41363.76
06:44:42 AM    380.61    201.36    179.25  51548.30  43317.01
06:44:45 AM    314.63    141.50    173.13  36223.13  41931.97
06:44:48 AM    360.94    177.78    183.16  45511.11  44272.05
06:44:51 AM    318.64    151.86    166.78  38877.29  40398.64
06:44:54 AM    355.89    177.78    178.11  45511.11  42909.09
06:44:57 AM    332.55    155.70    176.85  39860.40  42740.94
06:45:00 AM    348.81    174.74    174.06  44734.47  42083.28
06:45:03 AM    306.71    139.60    167.11  35736.91  40005.37
06:45:06 AM    357.63    178.98    178.64  45819.66  43181.02
06:45:09 AM    335.93    157.29    178.64  40265.76  43189.15
06:45:12 AM    326.19    152.38    173.81  39009.52  41934.69
06:45:15 AM    364.85    191.13    173.72  48928.33  42075.09
06:45:18 AM    320.00    141.02    178.98  36100.34  43189.15
06:45:21 AM    384.75    200.68    184.07  51373.56  44566.78
06:45:24 AM    306.40    134.68    171.72  34478.11  41505.72
06:45:27 AM    354.03    182.55    171.48  46732.89  41369.13
06:45:30 AM    329.05    156.76    172.30  40129.73  41643.24
06:45:33 AM    352.38    174.15    178.23  44582.31  43325.17
06:45:36 AM    250.17    118.52    131.65  30340.74  31824.92
06:45:39 AM    241.02    119.32    121.69  30546.44  29269.15
06:45:42 AM    270.81    134.23    136.58  34362.42  33095.30
06:45:45 AM    227.18    107.38    119.80  27489.93  28963.76
06:45:48 AM    316.50    150.84    165.66  38615.49  40115.82
06:45:51 AM    312.84    145.95    166.89  37362.16  40256.76
06:45:54 AM    344.59    172.97    171.62  44281.08  41648.65
06:45:57 AM    352.20    173.56    178.64  44431.19  43170.17
06:46:00 AM    324.41    157.29    167.12  40265.76  40395.93
06:46:03 AM    324.75    157.29    167.46  40265.76  40398.64
06:46:06 AM    327.95    156.23    171.72  39994.61  41503.03
06:46:09 AM    330.17    157.29    172.88  40265.76  41792.54
06:46:12 AM    328.47    151.86    176.61  38877.29  42573.56
06:46:15 AM    365.08    195.25    169.83  49985.08  41016.95
06:46:18 AM    299.66    134.23    165.44  34362.42  39989.26
06:46:21 AM    358.39    193.29    165.10  49481.88  39986.58
06:46:24 AM    288.59    128.86    159.73  32987.92  38622.82
06:46:27 AM     28.67      0.00     28.67      0.00   6856.00
06:46:30 AM     76.17     59.06     17.11  15119.46   4134.23
06:46:33 AM     55.48     15.95     39.53   4082.39   9557.48
06:46:36 AM     38.80     10.70     28.09   2739.80   6873.58
06:46:39 AM     88.29     53.51     34.78  13699.00   8262.21
06:46:42 AM     28.76      0.00     28.76      0.00   6878.93
06:46:45 AM    103.33     64.00     39.33  16384.00   9592.00
06:46:48 AM     34.67      0.00     34.67      0.00   8234.67
06:46:51 AM     98.66     64.43     34.23  16493.96   8279.19
06:46:54 AM     39.33      0.00     39.33      0.00   9592.00
06:46:57 AM    121.21     75.42     45.79  19307.74  11073.40
06:47:00 AM    103.68     58.86     44.82  15068.90  10993.98
06:47:03 AM     61.07     26.85     34.23   6872.48   8279.19
06:47:06 AM     55.67     16.00     39.67   4096.00   9589.33
06:47:09 AM     98.01     58.47     39.53  14968.77   9557.48
06:47:12 AM     51.17     10.70     40.47   2739.80   9632.11
06:47:15 AM     92.95     59.06     33.89  15119.46   8271.14
06:47:18 AM    121.81     69.80     52.01  17868.46  12421.48
06:47:21 AM     50.67      0.00     50.67      0.00  12330.67
06:47:24 AM    116.84     70.03     46.80  17928.62  11078.79
06:47:27 AM     44.52      0.00     44.52      0.00  10915.61
06:47:30 AM    126.51     75.17     51.34  19242.95  12413.42
06:47:33 AM    110.07     64.43     45.64  16493.96  11038.93
06:47:36 AM     66.67     16.00     50.67   4096.00  12330.67
06:47:39 AM     93.02     53.16     39.87  13607.97   9565.45
06:47:42 AM     98.99     53.69     45.30  13744.97  11033.56
06:47:45 AM     56.15     10.63     45.51   2721.59  10931.56
06:47:48 AM    115.44     69.80     45.64  17868.46  11038.93
06:47:51 AM     99.00     53.51     45.48  13699.00  11002.01
06:47:54 AM     61.74     16.11     45.64   4123.49  11041.61
06:47:57 AM    109.70     69.57     40.13  17808.70   9629.43
06:48:00 AM     78.26     21.40     56.86   5479.60  13752.51
06:48:03 AM     93.65     42.81     50.84  10959.20  12371.91
06:48:06 AM     99.00     53.51     45.48  13699.00  11002.01
06:48:09 AM    108.97     63.79     45.18  16329.57  10928.90
06:48:12 AM     56.19     10.70     45.48   2739.80  11002.01
06:48:15 AM     98.67     53.33     45.33  13653.33  10965.33
06:48:18 AM    117.17     64.65     52.53  16549.49  12474.07
06:48:21 AM    109.70     58.86     50.84  15068.90  12371.91
06:48:24 AM     61.87     10.70     51.17   2739.80  12371.91
06:48:27 AM    112.75     64.43     48.32  16493.96  11804.03
06:48:30 AM     74.00     32.00     42.00   8192.00  10197.33
06:48:33 AM     88.33     42.67     45.67  10922.67  10968.00
06:48:36 AM     98.34     53.16     45.18  13607.97  10928.90
06:48:39 AM     88.29     42.81     45.48  10959.20  11002.01
06:48:42 AM     82.67     37.33     45.33   9557.33  10965.33
06:48:45 AM     94.30     48.32     45.97  12370.47  11036.24
06:48:48 AM     49.83     10.63     39.20   2721.59   9560.13
Average:       222.79    107.99    114.80  27645.71  27738.22
