Linux 4.2.2 (vm3_28) 	07/18/2017 	_x86_64_	(1 CPU)

06:36:36 AM       tps      rtps      wtps   bread/s   bwrtn/s
06:36:39 AM    110.70     58.86     51.84  15068.90  12409.36
06:36:42 AM    282.21    134.23    147.99  34362.42  35857.72
06:36:45 AM    323.65    145.95    177.70  37362.16  43037.84
06:36:48 AM    390.85    200.68    190.17  51373.56  45968.81
06:36:51 AM    322.48    134.23    188.26  34362.42  45500.67
06:36:54 AM    378.38    200.00    178.38  51200.00  43035.14
06:36:57 AM    376.77    188.55    188.22  48269.36  45659.26
06:37:00 AM    355.97    158.36    197.61  40540.61  47680.55
06:37:03 AM    382.03    195.25    186.78  49985.08  44585.76
06:37:06 AM    369.15    178.98    190.17  45819.66  45974.24
06:37:09 AM    334.01    150.84    183.16  38615.49  44274.75
06:37:12 AM    393.54    195.92    197.62  50155.10  47548.30
06:37:15 AM    313.22    151.86    161.36  38877.29  39015.59
06:37:18 AM    378.72    189.19    189.53  48432.43  45816.22
06:37:21 AM    311.45    140.07    171.38  35857.24  41508.42
06:37:24 AM    392.52    195.92    196.60  50155.10  47515.65
06:37:27 AM    341.36    162.71    178.64  41654.24  43183.73
06:37:30 AM    363.39    178.98    184.41  45819.66  44569.49
06:37:33 AM    307.80    141.02    166.78  36100.34  40401.36
06:37:36 AM    307.41    145.45    161.95  37236.36  39175.76
06:37:39 AM    351.70    185.03    166.67  47368.71  40106.12
06:37:42 AM    335.59    168.14    167.46  43042.71  40395.93
06:37:45 AM    296.27    135.59    160.68  34711.86  38996.61
06:37:48 AM    318.18    145.45    172.73  37236.36  41521.89
06:37:51 AM    366.55    194.59    171.96  49816.22  41645.95
06:37:54 AM    329.73    151.35    178.38  38745.95  43024.32
06:37:57 AM    351.19    173.56    177.63  44431.19  43178.31
06:38:00 AM    331.97    152.38    179.59  39009.52  43336.05
06:38:03 AM    347.28    174.15    173.13  44582.31  41929.25
06:38:06 AM    341.36    162.71    178.64  41654.24  43183.73
06:38:09 AM    305.03    139.60    165.44  35736.91  39994.63
06:38:12 AM    374.58    195.25    179.32  49985.08  43186.44
06:38:15 AM    330.95    157.82    173.13  40402.72  41934.69
06:38:18 AM    325.85    146.94    178.91  37616.33  43243.54
06:38:21 AM    367.57    194.59    172.97  49816.22  41740.54
06:38:24 AM    331.53    151.86    179.66  38877.29  43202.71
06:38:27 AM    328.47    155.59    172.88  39831.86  41787.12
06:38:30 AM    357.77    180.07    177.70  46097.30  43035.14
06:38:33 AM    320.41    146.94    173.47  37616.33  41931.97
06:38:36 AM    372.64    194.59    178.04  49816.22  43037.84
06:38:39 AM    321.14    144.97    176.17  37111.41  42748.99
06:38:42 AM    384.75    200.68    184.07  51373.56  44574.92
06:38:45 AM    311.45    140.07    171.38  35857.24  41494.95
06:38:48 AM    287.41    136.05    151.36  34829.93  36361.90
06:38:51 AM    351.53    178.98    172.54  45819.66  41789.83
06:38:54 AM    302.03    146.44    155.59  37488.81  37613.56
06:38:57 AM    256.23    123.91    132.32  31719.87  31835.69
06:39:00 AM    210.74     91.28    119.46  23366.44  28963.76
06:39:03 AM    330.10    176.59    153.51  45206.69  37107.69
06:39:06 AM    302.37    141.02    161.36  36100.34  39004.75
06:39:09 AM    340.20    156.76    183.45  40129.73  44424.32
06:39:12 AM    359.18    179.59    179.59  45975.51  43333.33
06:39:15 AM    324.75    151.86    172.88  38877.29  41789.83
06:39:18 AM    373.90    189.83    184.07  48596.61  44572.20
06:39:21 AM    325.85    146.94    178.91  37616.33  43330.61
06:39:24 AM    370.41    190.48    179.93  48761.90  43325.17
06:39:27 AM    310.74    139.60    171.14  35736.91  41379.87
06:39:30 AM    372.64    194.59    178.04  49816.22  43035.14
06:39:33 AM    327.09    139.13    187.96  35617.39  45361.87
06:39:36 AM    368.56    197.99    170.57  50686.29  41228.09
06:39:39 AM    305.72    140.07    165.66  35857.24  40123.91
06:39:42 AM    296.60    152.38    144.22  39009.52  34944.22
06:39:45 AM     23.00      0.00     23.00      0.00   5480.00
06:39:48 AM     49.50     26.76     22.74   6849.50   5503.68
06:39:51 AM     71.00     42.67     28.33  10922.67   6850.67
06:39:54 AM     34.11      0.00     34.11      0.00   8256.86
06:39:57 AM    115.05     74.92     40.13  19178.60   9632.11
06:40:00 AM     39.33     10.67     28.67   2730.67   6858.67
06:40:03 AM     56.04     26.85     29.19   6872.48   6920.81
06:40:06 AM     71.33     37.33     34.00   9557.33   8229.33
06:40:09 AM     39.33     10.67     28.67   2730.67   6861.33
06:40:12 AM     92.98     58.86     34.11  15068.90   8254.18
06:40:15 AM     44.82     10.70     34.11   2739.80   8251.51
06:40:18 AM     81.61     48.16     33.44  12329.10   8246.15
06:40:21 AM     38.67     10.67     28.00   2730.67   6765.33
06:40:24 AM     55.67     26.67     29.00   6826.67   6944.00
06:40:27 AM     65.77     32.21     33.56   8246.98   8273.83
06:40:30 AM     87.92     53.69     34.23  13744.97   8281.88
06:40:33 AM     47.33     16.00     31.33   4096.00   6880.00
06:40:36 AM     54.85     26.76     28.09   6849.50   6876.25
06:40:39 AM     44.48     21.40     23.08   5479.60   5506.35
06:40:42 AM     50.33     21.33     29.00   5461.33   6861.33
06:40:45 AM     49.50     21.40     28.09   5479.60   6876.25
06:40:48 AM     50.00     21.33     28.67   5461.33   6858.67
06:40:51 AM     70.90     42.81     28.09  10959.20   6876.25
06:40:54 AM     66.89     26.76     40.13   6849.50   9634.78
06:40:57 AM     77.26     37.46     39.80   9589.30   9624.08
06:41:00 AM     98.33     58.86     39.46  15068.90   9626.76
06:41:03 AM     56.52     10.70     45.82   2739.80  11002.01
06:41:06 AM    109.03     69.57     39.46  17808.70   9626.76
06:41:09 AM     61.87     16.05     45.82   4109.70  11004.68
06:41:12 AM     88.00     48.00     40.00  12288.00   9594.67
06:41:15 AM    104.70     53.69     51.01  13744.97  12418.79
06:41:18 AM     51.00     10.67     40.33   2730.67   9602.67
06:41:21 AM    115.05     64.21     50.84  16438.80  12377.26
06:41:24 AM     98.67     58.67     40.00  15018.67   9600.00
06:41:27 AM     61.54     10.70     50.84   2739.80  12374.58
06:41:30 AM    120.81     75.17     45.64  19242.95  11041.61
06:41:33 AM     61.00     21.33     39.67   5461.33   9592.00
06:41:36 AM     93.65     48.16     45.48  12329.10  11004.68
06:41:39 AM     87.96     42.81     45.15  10959.20  10993.98
06:41:42 AM    115.77     64.43     51.34  16493.96  12421.48
06:41:45 AM     61.87     10.70     51.17   2739.80  12371.91
06:41:48 AM    127.27     80.81     46.46  20686.87  11089.56
06:41:51 AM     50.33     10.67     39.67   2730.67   9589.33
06:41:54 AM     94.30     48.32     45.97  12370.47  11046.98
06:41:57 AM    125.75     74.92     50.84  19178.60  12374.58
06:42:00 AM     50.67      5.33     45.33   1365.33  10968.00
06:42:03 AM     98.33     58.86     39.46  15068.90   9626.76
06:42:06 AM    115.38     64.21     51.17  16438.80  12369.23
Average:       219.01    106.20    112.81  27186.40  27254.74
