Linux 4.2.2 (vm3_28) 	07/18/2017 	_x86_64_	(1 CPU)

07:10:01 AM       tps      rtps      wtps   bread/s   bwrtn/s
07:10:04 AM     98.99     59.06     39.93  15119.46   9680.54
07:10:07 AM     39.33      5.33     34.00   1365.33   8224.00
07:10:10 AM    104.36     59.06     45.30  15119.46  11030.87
07:10:13 AM    110.74     59.06     51.68  15119.46  12421.48
07:10:16 AM    170.67     74.67     96.00  19114.67  23285.33
07:10:19 AM    387.88    199.33    188.55  51027.61  45653.87
07:10:22 AM    330.85    146.44    184.41  37488.81  44574.92
07:10:25 AM    391.50    206.80    184.69  52941.50  44723.81
07:10:28 AM    313.90    135.59    178.31  34711.86  43172.88
07:10:31 AM    385.42    200.68    184.75  51373.56  44574.92
07:10:34 AM    315.31    130.61    184.69  33436.73  43387.76
07:10:37 AM    388.05    196.59    191.47  50326.28  46282.59
07:10:40 AM    318.64    146.44    172.20  37488.81  41795.25
07:10:43 AM    386.73    195.92    190.82  50155.10  46114.29
07:10:46 AM    378.04    194.59    183.45  49816.22  44424.32
07:10:49 AM    332.31    146.94    185.37  37616.33  44723.81
07:10:52 AM    363.95    185.03    178.91  47368.71  43327.89
07:10:55 AM    350.84    161.62    189.23  41373.74  45659.26
07:10:58 AM    347.62    168.71    178.91  43189.12  43325.17
07:11:01 AM    374.15    201.36    172.79  51548.30  41931.97
07:11:04 AM    313.85    129.73    184.12  33210.81  44421.62
07:11:07 AM    386.05    201.36    184.69  51548.30  44715.65
07:11:10 AM    334.35    146.94    187.41  37616.33  44737.41
07:11:13 AM    368.14    189.83    178.31  48596.61  43175.59
07:11:16 AM    286.10    130.17    155.93  33323.39  37605.42
07:11:19 AM    337.71    177.78    159.93  45511.11  38736.70
07:11:22 AM    285.14    124.32    160.81  31827.03  38862.16
07:11:25 AM    316.22    172.97    143.24  44281.08  34700.00
07:11:28 AM    207.05     69.80    137.25  17868.46  33100.67
07:11:31 AM    244.26    129.73    114.53  33210.81  27775.68
07:11:34 AM    283.50    140.07    143.43  35857.24  34604.71
07:11:37 AM    317.17    145.45    171.72  37236.36  41519.19
07:11:40 AM    358.16    185.03    173.13  47368.71  41929.25
07:11:43 AM    317.51    145.45    172.05  37236.36  41505.72
07:11:46 AM    354.61    180.20    174.40  46132.42  42077.82
07:11:49 AM    348.30    168.71    179.59  43189.12  43336.05
07:11:52 AM    325.42    155.18    170.23  39727.09  41230.77
07:11:55 AM    346.44    173.56    172.88  44431.19  41797.97
07:11:58 AM    335.93    157.29    178.64  40265.76  43178.31
07:12:01 AM    353.06    174.15    178.91  44582.31  43319.73
07:12:04 AM    302.71    135.59    167.12  34711.86  40398.64
07:12:07 AM    380.27    201.36    178.91  51548.30  43322.45
07:12:10 AM    306.73    129.29    177.44  33098.99  42887.54
07:12:13 AM    371.04    199.33    171.72  51027.61  41505.72
07:12:16 AM    295.29    129.29    165.99  33098.99  40118.52
07:12:19 AM    376.87    201.36    175.51  51548.30  41945.58
07:12:22 AM    319.66    141.02    178.64  36100.34  43170.17
07:12:25 AM    365.66    188.55    177.10  48269.36  42890.24
07:12:28 AM    306.73    134.68    172.05  34478.11  41505.72
07:12:31 AM    388.85    205.41    183.45  52583.78  44424.32
07:12:34 AM    295.61    129.73    165.88  33210.81  40251.35
07:12:37 AM    290.20    135.14    155.07  34594.59  37483.78
07:12:40 AM    359.39    191.13    168.26  48928.33  40674.40
07:12:43 AM    308.81    135.59    173.22  34711.86  41792.54
07:12:46 AM    290.20    135.14    155.07  34594.59  37489.19
07:12:49 AM    361.67    197.33    164.33  50517.33  39709.33
07:12:52 AM    298.30    130.61    167.69  33436.73  40530.61
07:12:55 AM    320.00    146.44    173.56  37488.81  41808.81
07:12:58 AM    358.50    190.48    168.03  48761.90  40530.61
07:13:01 AM    306.40    134.68    171.72  34478.11  41500.34
07:13:04 AM    380.27    201.36    178.91  51548.30  43336.05
07:13:07 AM    312.59    141.50    171.09  36223.13  41317.01
07:13:10 AM    303.37    134.68    168.69  34478.11  40740.74
07:13:13 AM    369.80    198.66    171.14  50856.38  41374.50
07:13:16 AM    184.28     74.92    109.36  19178.60  26453.51
07:13:19 AM     80.00     53.33     26.67  13653.33   6506.67
07:13:22 AM     11.33      5.33      6.00   1365.33   1373.33
07:13:25 AM     21.93     10.63     11.30   2721.59   2732.23
07:13:28 AM     16.67      0.00     16.67      0.00   4109.33
07:13:31 AM     45.67     15.67     30.00   4010.67   6874.67
07:13:34 AM     81.61     53.18     28.43  13613.38   6870.90
07:13:37 AM     34.67      0.67     34.00    170.67   8224.00
07:13:40 AM    103.68     69.57     34.11  17808.70   8251.51
07:13:43 AM     28.43      0.00     28.43      0.00   6870.90
07:13:46 AM     95.30     59.06     36.24  15119.46   8872.48
07:13:49 AM     36.67      5.33     31.33   1365.33   7624.00
07:13:52 AM     81.88     53.69     28.19  13744.97   6896.64
07:13:55 AM     44.97     10.74     34.23   2748.99   8281.88
07:13:58 AM     33.44     10.70     22.74   2739.80   5501.00
07:14:01 AM     87.96     53.51     34.45  13699.00   8248.83
07:14:04 AM     28.09      0.00     28.09      0.00   6873.58
07:14:07 AM     94.00     69.33     24.67  17749.33   5498.67
07:14:10 AM     34.11      5.35     28.76   1369.90   6878.93
07:14:13 AM     33.67      5.33     28.33   1365.33   6848.00
07:14:16 AM     92.98     58.86     34.11  15068.90   8251.51
07:14:19 AM     44.33     16.00     28.33   4096.00   6848.00
07:14:22 AM     50.00     16.00     34.00   4096.00   8224.00
07:14:25 AM     81.61     58.86     22.74  15068.90   5501.00
07:14:28 AM     33.44      0.00     33.44      0.00   8243.48
07:14:31 AM     40.00     11.33     28.67   2901.33   6856.00
07:14:34 AM     86.58     58.39     28.19  14947.65   6896.64
07:14:37 AM     49.67     10.33     39.33   2645.33   9589.33
07:14:40 AM     82.94     59.20     23.75  15154.52   5503.68
07:14:43 AM     28.09      0.00     28.09      0.00   6873.58
07:14:46 AM     74.16     45.30     28.86  11597.32   6902.01
07:14:49 AM     47.33     19.00     28.33   4864.00   6848.00
07:14:52 AM     39.13     10.70     28.43   2739.80   6870.90
07:14:55 AM     98.66     64.43     34.23  16493.96   8281.88
07:14:58 AM     38.67      5.33     33.33   1365.33   8216.00
07:15:01 AM     44.15     21.40     22.74   5479.60   5501.00
07:15:04 AM     82.55     53.69     28.86  13744.97   6902.01
07:15:07 AM     39.33      0.00     39.33      0.00   9589.33
07:15:10 AM     97.66     69.57     28.09  17808.70   6873.58
07:15:13 AM     28.52      0.00     28.52      0.00   6893.96
07:15:16 AM     45.18     15.95     29.24   4082.39   6838.54
07:15:19 AM     82.61     48.16     34.45  12329.10   8248.83
07:15:22 AM     44.15     16.05     28.09   4109.70   6873.58
07:15:25 AM     76.67     48.00     28.67  12288.00   6856.00
07:15:28 AM     38.67     10.67     28.00   2730.67   6850.67
07:15:31 AM     72.91     37.46     35.45   9589.30   8256.86
Average:       208.14    100.92    107.22  25834.92  25895.85
