Linux 4.2.2 (vm3_28) 	07/18/2017 	_x86_64_	(1 CPU)

06:50:02 AM       tps      rtps      wtps   bread/s   bwrtn/s
06:50:05 AM     98.66     64.43     34.23  16493.96   8303.36
06:50:08 AM     49.16     10.70     38.46   2739.80   8286.29
06:50:11 AM    116.67     64.00     52.67  16384.00  12845.33
06:50:14 AM    146.00     69.33     76.67  17749.33  18658.67
06:50:17 AM    144.44     64.65     79.80  16549.49  19372.39
06:50:20 AM    182.55     80.54    102.01  20617.45  24824.16
06:50:23 AM    352.00    165.33    186.67  42325.33  45186.67
06:50:26 AM    377.44    193.94    183.50  49648.48  44269.36
06:50:29 AM    350.00    166.22    183.78  42551.35  44418.92
06:50:32 AM    335.02    157.58    177.44  40339.39  42879.46
06:50:35 AM    377.78    199.33    178.45  51027.61  42906.40
06:50:38 AM    342.37    151.86    190.51  38877.29  45971.53
06:50:41 AM    370.07    179.59    190.48  45975.51  46117.01
06:50:44 AM    378.16    191.13    187.03  48928.33  44884.64
06:50:47 AM    355.56    177.78    177.78  45511.11  42884.85
06:50:50 AM    363.73    173.56    190.17  44431.19  45963.39
06:50:53 AM    351.01    167.57    183.45  42897.30  44418.92
06:50:56 AM    375.84    187.92    187.92  48107.38  45487.25
06:50:59 AM    350.17    167.00    183.16  42752.86  44269.36
06:51:02 AM    341.02    162.71    178.31  41654.24  43181.02
06:51:05 AM    346.44    173.56    172.88  44431.19  41776.27
06:51:08 AM    342.37    151.86    190.51  38877.29  45968.81
06:51:11 AM    401.69    206.10    195.59  52762.03  47357.29
06:51:14 AM    312.46    134.68    177.78  34478.11  42887.54
06:51:17 AM    339.46    185.03    154.42  47368.71  37382.31
06:51:20 AM    296.96    145.95    151.01  37362.16  36445.95
06:51:23 AM    305.03    134.23    170.81  34362.42  41361.07
06:51:26 AM    350.68    178.38    172.30  45664.86  41651.35
06:51:29 AM    340.20    162.16    178.04  41513.51  43032.43
06:51:32 AM    325.08    146.44    178.64  37488.81  43181.02
06:51:35 AM    373.22    200.68    172.54  51373.56  41787.12
06:51:38 AM    312.50    135.14    177.36  34594.59  43032.43
06:51:41 AM    370.65    196.59    174.06  50326.28  42083.28
06:51:44 AM    319.66    141.02    178.64  36100.34  43172.88
06:51:47 AM    357.29    184.41    172.88  47208.14  41784.41
06:51:50 AM    301.35    129.29    172.05  33098.99  41513.80
06:51:53 AM    367.91    189.19    178.72  48432.43  43040.54
06:51:56 AM    320.41    152.38    168.03  39009.52  40527.89
06:51:59 AM    353.69    182.55    171.14  46732.89  41363.76
06:52:02 AM    306.06    134.68    171.38  34478.11  41503.03
06:52:05 AM    405.82    213.70    192.12  54706.85  46441.10
06:52:08 AM    296.95    130.17    166.78  33323.39  40393.22
06:52:11 AM    347.62    174.15    173.47  44582.31  41942.86
06:52:14 AM    329.39    156.76    172.64  40129.73  41648.65
06:52:17 AM    327.95    150.84    177.10  38615.49  42884.85
06:52:20 AM    351.86    189.83    162.03  48596.61  39004.75
06:52:23 AM    312.12    134.68    177.44  34478.11  42892.93
06:52:26 AM    370.31    191.13    179.18  48928.33  43467.58
06:52:29 AM    308.78    129.73    179.05  33210.81  43035.14
06:52:32 AM    289.19    140.54    148.65  35978.38  36081.08
06:52:35 AM    262.71    135.59    127.12  34711.86  30646.78
06:52:38 AM    248.82    134.68    114.14  34478.11  27674.07
06:52:41 AM    167.68     70.03     97.64  17928.62  23515.15
06:52:44 AM    278.72    129.73    148.99  33210.81  36100.00
06:52:47 AM    273.65    124.32    149.32  31827.03  36094.59
06:52:50 AM    357.48    201.36    156.12  51548.30  37736.05
06:52:53 AM    295.95    135.14    160.81  34594.59  38870.27
06:52:56 AM    284.18    129.29    154.88  33098.99  37362.96
06:52:59 AM    301.35    140.54    160.81  35978.38  38886.49
06:53:02 AM    354.21    193.94    160.27  49648.48  38742.09
06:53:05 AM    284.18    134.68    149.49  34478.11  35978.45
06:53:08 AM    285.14    129.73    155.41  33210.81  37486.49
06:53:11 AM    160.94     70.03     90.91  17928.62  22133.33
06:53:14 AM     33.44     16.05     17.39   4109.70   4128.43
06:53:17 AM     48.83     37.46     11.37   9589.30   2750.50
06:53:20 AM     55.33     21.33     34.00   5461.33   8224.00
06:53:23 AM     55.52     21.40     34.11   5479.60   8251.51
06:53:26 AM     86.67     58.67     28.00  15018.67   6850.67
06:53:29 AM     40.20      5.32     34.88   1360.80   8204.65
06:53:32 AM     98.99     59.26     39.73  15170.37   9688.89
06:53:35 AM     45.00     10.67     34.33   2730.67   8224.00
06:53:38 AM     93.65     58.86     34.78  15068.90   8256.86
06:53:41 AM     33.44      5.35     28.09   1369.90   6873.58
06:53:44 AM     50.17     16.05     34.11   4109.70   8251.51
06:53:47 AM    104.35     64.21     40.13  16438.80   9629.43
06:53:50 AM     50.00     10.67     39.33   2730.67   9589.33
06:53:53 AM    109.40     64.43     44.97  16493.96  11033.56
06:53:56 AM     44.67     10.67     34.00   2730.67   8224.00
06:53:59 AM    115.44     75.17     40.27  19242.95   9661.74
06:54:02 AM     33.78      0.00     33.78      0.00   8240.80
06:54:05 AM     66.00     37.33     28.67   9557.33   6850.67
06:54:08 AM     61.00     26.67     34.33   6826.67   8226.67
06:54:11 AM     98.33     64.21     34.11  16438.80   8251.51
06:54:14 AM     33.33      5.33     28.00   1365.33   6850.67
06:54:17 AM     34.00      0.00     34.00      0.00   8224.00
06:54:20 AM    104.36     69.80     34.56  17868.46   8276.51
06:54:23 AM     39.33      0.00     39.33      0.00   9589.33
06:54:26 AM     92.95     59.06     33.89  15119.46   8271.14
06:54:29 AM     29.00      0.00     29.00      0.00   6858.67
06:54:32 AM    103.69     69.80     33.89  17868.46   8271.14
06:54:35 AM     45.00      5.33     39.67   1365.33   9586.67
06:54:38 AM    104.01     64.21     39.80  16438.80   9624.08
06:54:41 AM     33.89      0.00     33.89      0.00   8196.68
06:54:44 AM    103.68     64.21     39.46  16438.80   9616.05
06:54:47 AM     28.76      0.00     28.76      0.00   6878.93
06:54:50 AM    103.68     69.57     34.11  17808.70   8251.51
06:54:53 AM    120.81     69.80     51.01  17868.46  12416.11
06:54:56 AM     39.67      0.00     39.67      0.00   9589.33
06:54:59 AM    109.76     64.65     45.12  16549.49  11068.01
06:55:02 AM     45.48      0.00     45.48      0.00  10999.33
06:55:05 AM    114.29     69.10     45.18  17690.37  10928.90
06:55:08 AM    103.68     64.21     39.46  16438.80   9624.08
06:55:11 AM     40.00      0.00     40.00      0.00   9597.33
06:55:14 AM    109.67     64.00     45.67  16384.00  10968.00
06:55:17 AM     34.11      0.00     34.11      0.00   8251.51
06:55:20 AM    116.11     69.80     46.31  17868.46  11049.66
06:55:23 AM     55.67     16.00     39.67   4096.00   9589.33
06:55:26 AM     87.63     48.16     39.46  12329.10   9624.08
06:55:29 AM    121.81     69.80     52.01  17868.46  12421.48
06:55:32 AM     40.00      0.00     40.00      0.00   9597.33
Average:       205.72     99.66    106.05  25513.93  25623.45
