Linux 4.2.2 (vm3_28) 	07/18/2017 	_x86_64_	(1 CPU)

06:16:33 AM       tps      rtps      wtps   bread/s   bwrtn/s
06:16:36 AM    161.28     70.03     91.25  17928.62  22171.04
06:16:39 AM    295.95    140.54    155.41  35978.38  37491.89
06:16:42 AM    388.05    202.05    186.01  51724.23  44881.91
06:16:45 AM    410.58    202.05    208.53  51724.23  50473.72
06:16:48 AM    381.29    195.92    185.37  50155.10  44723.81
06:16:51 AM    339.46    146.94    192.52  37616.33  46136.05
06:16:54 AM    396.95    200.68    196.27  51373.56  47360.00
06:16:57 AM    323.47    146.94    176.53  37616.33  42699.32
06:17:00 AM    395.92    195.92    200.00  50155.10  48146.94
06:17:03 AM    355.22    172.39    182.83  44131.99  44269.36
06:17:06 AM    339.25    158.36    180.89  40540.61  43500.34
06:17:09 AM    393.94    199.33    194.61  51027.61  47038.38
06:17:12 AM    361.69    177.63    184.07  45472.54  44553.22
06:17:15 AM    361.95    179.12    182.83  45855.89  44261.28
06:17:18 AM    361.95    161.62    200.34  41373.74  48425.59
06:17:21 AM    350.34    178.38    171.96  45664.86  41648.65
06:17:24 AM    404.07    200.68    203.39  51373.56  48762.03
06:17:27 AM    325.42    141.02    184.41  36100.34  44577.63
06:17:30 AM    397.28    206.80    190.48  52941.50  46127.89
06:17:33 AM    343.20    152.38    190.82  39009.52  46122.45
06:17:36 AM    309.90    147.44    162.46  37744.71  39276.45
06:17:39 AM    262.71    135.59    127.12  34711.86  30652.20
06:17:42 AM    244.44    123.91    120.54  31719.87  29061.28
06:17:45 AM    318.24    145.95    172.30  37362.16  41648.65
06:17:48 AM    310.07    150.34    159.73  38485.91  38598.66
06:17:51 AM    317.97    168.14    149.83  43042.71  36227.80
06:17:54 AM    285.42    135.59    149.83  34711.86  36219.66
06:17:57 AM    312.84    140.54    172.30  35978.38  41640.54
06:18:00 AM    377.78    193.94    183.84  49648.48  44288.22
06:18:03 AM    306.06    140.07    165.99  35857.24  40113.13
06:18:06 AM    365.66    188.55    177.10  48269.36  42892.93
06:18:09 AM    313.51    135.14    178.38  34594.59  43035.14
06:18:12 AM    388.70    208.22    180.48  53304.11  43613.70
06:18:15 AM    306.04    134.23    171.81  34362.42  41377.18
06:18:18 AM    339.86    167.57    172.30  42897.30  41637.84
06:18:21 AM    334.80    156.76    178.04  40129.73  43037.84
06:18:24 AM    382.55    204.03    178.52  52230.87  43087.25
06:18:27 AM    322.30    140.54    181.76  35978.38  44072.97
06:18:30 AM    358.50    179.59    178.91  45975.51  43338.78
06:18:33 AM    368.81    178.98    189.83  45819.66  45968.81
06:18:36 AM    341.22    167.57    173.65  42897.30  41656.76
06:18:39 AM    317.17    145.45    171.72  37236.36  41489.56
06:18:42 AM    375.50    187.92    187.58  48107.38  45495.30
06:18:45 AM    313.90    141.02    172.88  36100.34  41792.54
06:18:48 AM    388.22    199.33    188.89  51027.61  45653.87
06:18:51 AM    300.67    134.23    166.44  34362.42  39989.26
06:18:54 AM    367.23    183.78    183.45  47048.65  44427.03
06:18:57 AM    333.00    161.62    171.38  41373.74  41503.03
06:19:00 AM    228.28    107.74    120.54  27582.49  29058.59
06:19:03 AM    347.28    174.15    173.13  44582.31  41921.09
06:19:06 AM    354.95    174.74    180.20  44734.47  43473.04
06:19:09 AM    328.72    156.76    171.96  40129.73  41645.95
06:19:12 AM    341.00    176.00    165.00  45056.00  39720.00
06:19:15 AM    334.80    151.35    183.45  38745.95  44421.62
06:19:18 AM    370.99    185.67    185.32  47530.38  44865.53
06:19:21 AM    325.08    146.44    178.64  37488.81  43181.02
06:19:24 AM    368.81    184.41    184.41  47208.14  44574.92
06:19:27 AM    330.17    162.71    167.46  41654.24  40387.80
06:19:30 AM    331.97    146.94    185.03  37616.33  44734.69
06:19:33 AM    356.61    189.83    166.78  48596.61  40398.64
06:19:36 AM    325.76    135.59    190.17  34711.86  45957.97
06:19:39 AM    386.69    212.97    173.72  54520.14  42072.35
06:19:42 AM     34.00      0.00     34.00      0.00   8218.67
06:19:45 AM     27.42     16.05     11.37   4109.70   2750.50
06:19:48 AM     65.67     42.67     23.00  10922.67   5480.00
06:19:51 AM     33.00     10.67     22.33   2730.67   5474.67
06:19:54 AM     50.50     16.05     34.45   4109.70   8251.51
06:19:57 AM     87.63     42.81     44.82  10959.20  10993.98
06:20:00 AM    111.78     70.03     41.75  17928.62   9713.13
06:20:03 AM     34.45      5.35     29.10   1369.90   6897.66
06:20:06 AM     49.67     21.33     28.33   5461.33   6850.67
06:20:09 AM     82.55     48.32     34.23  12370.47   8279.19
06:20:12 AM     60.67     26.67     34.00   6826.67   8224.00
06:20:15 AM     71.81     37.58     34.23   9621.48   8279.19
06:20:18 AM     55.37     21.48     33.89   5497.99   8268.46
06:20:21 AM     39.33     10.67     28.67   2730.67   6856.00
06:20:24 AM     87.63     53.51     34.11  13699.00   8251.51
06:20:27 AM     73.33     32.00     41.33   8192.00   9605.33
06:20:30 AM     82.55     42.95     39.60  10995.97   9653.69
06:20:33 AM     66.22     32.11     34.11   8219.40   8251.51
06:20:36 AM     83.89     42.95     40.94  10995.97   9664.43
06:20:39 AM     55.52     26.76     28.76   6849.50   6878.93
06:20:42 AM     55.15     21.26     33.89   5443.19   8186.05
06:20:45 AM     38.67     10.67     28.00   2730.67   6850.67
06:20:48 AM     87.92     59.06     28.86  15119.46   6902.01
06:20:51 AM     50.00     10.67     39.33   2730.67   9589.33
06:20:54 AM    103.34     64.21     39.13  16438.80   9616.05
06:20:57 AM     44.67      5.33     39.33   1365.33   9589.33
06:21:00 AM     87.63     53.51     34.11  13699.00   8251.51
06:21:03 AM     93.65     53.51     40.13  13699.00   9629.43
06:21:06 AM     55.33     16.00     39.33   4096.00   9592.00
06:21:09 AM     93.65     53.51     40.13  13699.00   9629.43
06:21:12 AM     61.87     21.40     40.47   5479.60   9626.76
06:21:15 AM     99.33     48.32     51.01  12370.47  12410.74
06:21:18 AM     87.96     48.16     39.80  12329.10   9621.40
06:21:21 AM     50.00     10.67     39.33   2730.67   9589.33
06:21:24 AM    115.10     69.80     45.30  17868.46  11030.87
06:21:27 AM     45.15      5.35     39.80   1369.90   9624.08
06:21:30 AM    105.03     59.06     45.97  15119.46  11036.24
06:21:33 AM    103.68     64.21     39.46  16438.80   9624.08
06:21:36 AM     40.13      0.00     40.13      0.00   9629.43
06:21:39 AM    114.00     74.67     39.33  19114.67   9592.00
06:21:42 AM     61.54     21.40     40.13   5479.60   9629.43
06:21:45 AM     99.00     48.00     51.00  12288.00  12336.00
06:21:48 AM    104.35     64.21     40.13  16438.80   9629.43
06:21:51 AM     56.00      5.33     50.67   1365.33  12330.67
06:21:54 AM    104.03     59.06     44.97  15119.46  11033.56
06:21:57 AM    114.67     69.33     45.33  17749.33  10965.33
06:22:00 AM     40.13      0.00     40.13      0.00   9626.76
06:22:03 AM    104.36     64.43     39.93  16493.96   9653.69
Average:       222.34    107.86    114.48  27612.50  27653.43
