Linux 4.2.2 (vm1_27) 	07/16/2017 	_x86_64_	(1 CPU)

03:10:40 AM       tps      rtps      wtps   bread/s   bwrtn/s
03:10:43 AM     27.09     24.08      3.01    433.44     50.84
03:10:46 AM      0.00      0.00      0.00      0.00      0.00
03:10:49 AM      0.67      0.00      0.67      0.00     18.67
03:10:52 AM      0.00      0.00      0.00      0.00      0.00
03:10:55 AM      2.67      1.67      1.00    208.00     13.33
03:10:58 AM      0.33      0.33      0.00      2.67      0.00
03:11:01 AM      0.67      0.00      0.67      0.00     10.67
03:11:04 AM      0.00      0.00      0.00      0.00      0.00
03:11:07 AM      0.67      0.00      0.67      0.00      8.00
03:11:10 AM      0.00      0.00      0.00      0.00      0.00
03:11:13 AM      1.00      0.00      1.00      0.00     16.00
03:11:16 AM      0.00      0.00      0.00      0.00      0.00
03:11:19 AM      4.67      0.33      4.33      2.67     45.33
03:11:22 AM      0.00      0.00      0.00      0.00      0.00
03:11:25 AM      0.67      0.00      0.67      0.00      8.00
03:11:28 AM      1.33      0.00      1.33      0.00     10.67
03:11:31 AM      0.67      0.00      0.67      0.00      8.00
03:11:34 AM      0.00      0.00      0.00      0.00      0.00
03:11:37 AM      0.67      0.00      0.67      0.00      8.00
03:11:40 AM      0.00      0.00      0.00      0.00      0.00
03:11:43 AM      0.67      0.00      0.67      0.00      8.00
03:11:46 AM      0.00      0.00      0.00      0.00      0.00
03:11:49 AM      0.66      0.00      0.66      0.00      7.97
03:11:52 AM      0.00      0.00      0.00      0.00      0.00
03:11:55 AM      0.67      0.00      0.67      0.00      8.00
03:11:58 AM      0.00      0.00      0.00      0.00      0.00
03:12:01 AM      1.00      0.00      1.00      0.00     13.29
03:12:04 AM      0.66      0.00      0.66      0.00      5.32
03:12:07 AM      0.67      0.00      0.67      0.00      8.00
03:12:10 AM      0.00      0.00      0.00      0.00      0.00
03:12:13 AM      0.67      0.00      0.67      0.00      8.00
03:12:16 AM      0.00      0.00      0.00      0.00      0.00
03:12:19 AM      0.67      0.00      0.67      0.00      8.00
03:12:22 AM      0.00      0.00      0.00      0.00      0.00
03:12:25 AM      0.66      0.00      0.66      0.00      7.97
03:12:28 AM      0.00      0.00      0.00      0.00      0.00
03:12:31 AM      0.67      0.00      0.67      0.00      8.00
03:12:34 AM      0.33      0.00      0.33      0.00      2.66
03:12:37 AM      0.66      0.00      0.66      0.00      7.97
03:12:40 AM      0.33      0.00      0.33      0.00      2.67
03:12:43 AM      0.67      0.00      0.67      0.00      8.00
03:12:46 AM      0.00      0.00      0.00      0.00      0.00
03:12:49 AM      0.67      0.00      0.67      0.00      8.00
03:12:52 AM      0.00      0.00      0.00      0.00      0.00
03:12:55 AM      0.66      0.00      0.66      0.00      7.97
03:12:58 AM      0.00      0.00      0.00      0.00      0.00
03:13:01 AM      0.66      0.00      0.66      0.00     10.63
03:13:04 AM      0.00      0.00      0.00      0.00      0.00
03:13:07 AM      0.67      0.00      0.67      0.00      8.00
03:13:10 AM      0.33      0.00      0.33      0.00      2.65
03:13:13 AM      0.67      0.00      0.67      0.00      8.03
03:13:16 AM      0.66      0.00      0.66      0.00      5.32
03:13:19 AM      0.33      0.00      0.33      0.00      8.00
03:13:22 AM      0.33      0.00      0.33      0.00      0.00
03:13:25 AM      0.67      0.00      0.67      0.00      8.00
03:13:28 AM      0.00      0.00      0.00      0.00      0.00
03:13:31 AM      0.67      0.00      0.67      0.00      8.00
03:13:34 AM      0.00      0.00      0.00      0.00      0.00
03:13:37 AM      0.67      0.00      0.67      0.00      8.00
03:13:40 AM      0.00      0.00      0.00      0.00      0.00
03:13:43 AM      0.67      0.00      0.67      0.00      8.03
03:13:51 AM    311.15     50.17    260.98   1121.07  59132.22
03:13:55 AM    269.97     69.62    200.34   1040.27  47202.73
03:13:58 AM    142.23    141.89      0.34   1537.84      2.70
03:14:01 AM    170.71    170.37      0.34   1764.31     10.77
03:14:04 AM    146.00    145.67      0.33   1264.00      0.00
03:14:07 AM    165.00    164.67      0.33   1320.00      5.33
03:14:10 AM    152.33    152.00      0.33   1224.00      2.67
03:14:13 AM    150.00    149.67      0.33   1280.00      5.33
03:14:16 AM    144.33    144.00      0.33   1152.00      2.67
03:14:19 AM    143.33    143.00      0.33   1144.00      5.33
03:14:22 AM    146.00    145.33      0.67   1162.67      5.33
03:14:25 AM    145.00    144.67      0.33   1170.67      8.00
03:14:28 AM    147.00    146.67      0.33   1173.33      0.00
03:14:31 AM    147.67    146.67      1.00   1184.00     16.00
03:14:34 AM    125.67    125.33      0.33   1013.33      2.67
03:14:37 AM    137.54    136.21      1.33   1100.33     15.95
03:14:40 AM    134.11    133.78      0.33   1088.96      0.00
03:14:43 AM    130.67    130.33      0.33   1042.67      5.33
03:14:46 AM    130.20    129.87      0.34   1087.25      2.68
03:14:49 AM    105.33    105.00      0.33   1677.33      8.00
03:14:52 AM    138.67    138.33      0.33   1106.67      0.00
03:14:55 AM    120.00    119.33      0.67    954.67     10.67
03:14:58 AM    126.33    126.00      0.33   1008.00      0.00
03:15:01 AM    123.59    123.26      0.33   1004.65     10.63
03:15:04 AM    121.00    120.67      0.33    965.33      0.00
03:15:07 AM    123.33    122.67      0.67    981.33      8.00
03:15:10 AM    123.59    123.26      0.33    986.05      2.66
03:15:13 AM    120.07    119.73      0.33    968.56      5.35
03:15:16 AM    118.67    118.33      0.33    946.67      2.67
03:15:19 AM    125.33    125.00      0.33   1000.00      8.00
03:15:22 AM    131.00    130.67      0.33   1056.00      0.00
03:15:25 AM    118.27    117.94      0.33    943.52      7.97
03:15:28 AM    122.41    122.07      0.33    976.59      0.00
03:15:31 AM    110.67    109.67      1.00    877.33     18.67
03:15:34 AM    111.00    110.67      0.33    885.33      0.00
03:15:37 AM    110.67    109.33      1.33    874.67     13.33
03:15:40 AM    113.00    112.33      0.67    898.67      5.33
03:15:43 AM    108.00    107.67      0.33    861.33      5.33
03:15:46 AM    110.96    110.63      0.33    885.05      2.66
03:15:49 AM    106.02    105.69      0.33    845.48      8.03
03:15:52 AM    114.29    113.95      0.33    911.63      0.00
03:15:55 AM    108.36    108.03      0.33   1062.21     10.70
03:15:58 AM    100.67    100.33      0.33    808.00      0.00
03:16:01 AM    105.00    104.67      0.33    837.33      8.00
03:16:04 AM    102.00    101.67      0.33    813.33      2.67
03:16:07 AM    104.67    104.00      0.67    837.33      8.00
03:16:10 AM    100.00     99.67      0.33    797.34      2.66
03:16:13 AM     97.33     97.00      0.33    776.00      8.00
03:16:16 AM     96.00     95.33      0.67    762.67      2.67
Average:        63.59     54.41      9.18    482.10   1996.10
