Linux 4.2.2 (vm1_27) 	07/18/2017 	_x86_64_	(1 CPU)

06:16:36 AM       tps      rtps      wtps   bread/s   bwrtn/s
06:16:39 AM      0.33      0.33      0.00      7.97      0.00
06:16:42 AM      0.67      0.00      0.67      0.00     21.40
06:16:45 AM      0.00      0.00      0.00      0.00      0.00
06:16:48 AM      0.66      0.00      0.66      0.00     10.63
06:16:51 AM      0.33      0.00      0.33      0.00      0.00
06:16:54 AM      0.33      0.00      0.33      0.00      8.00
06:16:57 AM      0.33      0.00      0.33      0.00      0.00
06:17:00 AM      0.33      0.00      0.33      0.00      8.00
06:17:03 AM      0.33      0.00      0.33      0.00      0.00
06:17:06 AM      0.33      0.00      0.33      0.00      8.00
06:17:09 AM      0.33      0.00      0.33      0.00      0.00
06:17:12 AM      1.67      0.67      1.00      5.33     24.00
06:17:15 AM      0.33      0.00      0.33      0.00      0.00
06:17:18 AM      2.67      0.00      2.67      0.00     26.67
06:17:21 AM     12.67     12.33      0.33    293.33      2.67
06:17:24 AM      0.66      0.33      0.33      2.66     10.63
06:17:27 AM      0.33      0.00      0.33      0.00      0.00
06:17:30 AM      0.33      0.00      0.33      0.00      7.97
06:17:33 AM      0.33      0.00      0.33      0.00      0.00
06:17:36 AM      0.33      0.00      0.33      0.00      5.32
06:17:39 AM      0.33      0.00      0.33      0.00      2.67
06:17:42 AM      0.33      0.00      0.33      0.00      8.00
06:17:45 AM      0.33      0.00      0.33      0.00      0.00
06:17:48 AM      1.00      0.00      1.00      0.00     13.33
06:17:51 AM      0.33      0.00      0.33      0.00      0.00
06:17:54 AM      0.33      0.00      0.33      0.00      8.00
06:17:57 AM      0.66      0.00      0.66      0.00      2.64
06:18:00 AM      0.33      0.00      0.33      0.00      8.03
06:18:03 AM      0.33      0.00      0.33      0.00      0.00
06:18:06 AM      0.33      0.00      0.33      0.00      8.00
06:18:09 AM      0.33      0.00      0.33      0.00      0.00
06:18:12 AM      0.33      0.00      0.33      0.00      8.00
06:18:15 AM      0.33      0.00      0.33      0.00      0.00
06:18:18 AM      0.33      0.00      0.33      0.00      7.97
06:18:21 AM      1.00      0.00      1.00      0.00      5.35
06:18:24 AM      0.33      0.00      0.33      0.00     10.63
06:18:27 AM      0.33      0.00      0.33      0.00      0.00
06:18:30 AM      0.33      0.00      0.33      0.00      8.03
06:18:33 AM      0.33      0.00      0.33      0.00      0.00
06:18:36 AM      0.33      0.00      0.33      0.00      5.33
06:18:39 AM      0.33      0.00      0.33      0.00      2.67
06:18:42 AM      0.66      0.00      0.66      0.00      7.97
06:18:45 AM      0.00      0.00      0.00      0.00      0.00
06:18:48 AM      0.33      0.00      0.33      0.00      8.00
06:18:51 AM      0.33      0.00      0.33      0.00      0.00
06:18:54 AM      0.33      0.00      0.33      0.00      8.00
06:18:57 AM      1.33      0.00      1.33      0.00      7.97
06:19:00 AM      0.33      0.00      0.33      0.00      5.33
06:19:03 AM      0.33      0.00      0.33      0.00      2.67
06:19:06 AM      0.33      0.00      0.33      0.00      7.97
06:19:09 AM      0.33      0.00      0.33      0.00      0.00
06:19:12 AM      0.33      0.00      0.33      0.00      8.00
06:19:15 AM      0.33      0.00      0.33      0.00      0.00
06:19:18 AM      0.33      0.00      0.33      0.00      8.00
06:19:21 AM      0.33      0.00      0.33      0.00      0.00
06:19:24 AM      0.33      0.00      0.33      0.00     10.67
06:19:27 AM      0.66      0.00      0.66      0.00      2.66
06:19:30 AM      0.33      0.00      0.33      0.00      7.97
06:19:33 AM      0.67      0.00      0.67      0.00      2.68
06:19:36 AM      0.33      0.00      0.33      0.00      8.00
06:19:41 AM    463.29    220.93    242.35   3988.41  49539.45
06:19:46 AM    724.21    721.61      2.59   7771.76    551.01
06:19:49 AM    106.04     52.01     54.03    673.83  13664.43
06:19:52 AM     69.23     68.56      0.67   1040.80      8.03
06:19:55 AM    102.68    102.68      0.00   1519.73      0.00
06:19:58 AM     82.27     81.61      0.67    845.48      8.03
06:20:01 AM     94.35     94.35      0.00   1076.41      0.00
06:20:04 AM     90.33     89.67      0.67   1002.67      8.00
06:20:07 AM     96.67     96.67      0.00   1149.33      0.00
06:20:10 AM     95.33     94.67      0.67   1117.33      8.00
06:20:13 AM    134.67    134.33      0.33   1525.33      2.67
06:20:16 AM     96.33     95.67      0.67   1109.33      8.00
06:20:19 AM     97.00     96.00      1.00   1082.67     82.67
06:20:22 AM    174.00    119.00     55.00   1610.67  13285.33
06:20:25 AM    101.00    100.67      0.33   1632.11      2.68
06:20:28 AM    120.93    119.27      1.66   1299.67     37.21
06:20:31 AM    117.33    117.00      0.33   1285.33      2.67
06:20:34 AM    150.50    150.17      0.33   1685.05     10.63
06:20:37 AM    155.18    154.85      0.33   1696.32      0.00
06:20:40 AM    151.33    150.67      0.67   1757.33      8.00
06:20:43 AM    182.67    182.00      0.67   2784.00     72.00
06:20:46 AM    153.33    135.33     18.00   1552.00   4034.67
06:20:49 AM    159.80    159.80      0.00   1900.33      0.00
06:20:52 AM    192.00    181.33     10.67   2120.00   1245.33
06:20:55 AM    162.00    155.67      6.33   2064.00   1088.00
06:20:58 AM    145.00    129.33     15.67   1528.00   3077.33
06:21:01 AM    136.67    136.67      0.00   1541.33      0.00
06:21:04 AM    122.67    118.00      4.67   1472.00    840.00
06:21:07 AM    129.33    126.00      3.33   1445.33    528.00
06:21:10 AM    136.33    126.33     10.00   1504.00   2050.67
06:21:13 AM    118.73    114.38      4.35   1351.17    778.60
06:21:16 AM    106.00    100.67      5.33   1144.00    773.33
06:21:19 AM    131.67    123.33      8.33   1384.00   1544.00
06:21:22 AM    165.45    144.52     20.93   1876.41   4728.24
06:21:25 AM    150.00    150.00      0.00   1522.67      0.00
06:21:28 AM    155.00    154.00      1.00   1733.33     13.33
06:21:31 AM    201.00    195.02      5.98   2330.90   1233.22
06:21:34 AM    213.67    187.33     26.33   2072.00   6226.67
06:21:37 AM    181.27    181.27      0.00   1955.85      0.00
06:21:40 AM    158.80    158.14      0.66   1650.50      7.97
06:21:43 AM    183.95    177.93      6.02   2512.37   1075.59
06:21:46 AM    153.00    139.33     13.67   1485.33   3157.33
06:21:49 AM    159.00    158.67      0.33   1584.00      2.67
06:21:52 AM    178.07    168.11      9.97   1626.58   1711.63
06:21:55 AM    181.94    181.94      0.00   1835.45      0.00
06:21:58 AM    139.00    130.67      8.33   1317.33   1466.67
06:22:01 AM    134.33    125.00      9.33   1330.67   1634.67
06:22:04 AM    134.33    125.67      8.67   1384.00   1269.33
06:22:07 AM    117.00    113.00      4.00   1184.00    354.67
06:22:10 AM     99.67     95.33      4.33    904.00    570.67
Average:        75.97     68.28      7.68    815.60   1528.37
