Linux 4.2.2 (vm1_27) 	07/18/2017 	_x86_64_	(1 CPU)

06:50:06 AM       tps      rtps      wtps   bread/s   bwrtn/s
06:50:09 AM     33.78     32.78      1.00    853.51     32.11
06:50:12 AM      0.33      0.00      0.33      0.00      0.00
06:50:15 AM      0.33      0.00      0.33      0.00     21.40
06:50:18 AM      0.67      0.00      0.67      0.00      2.67
06:50:21 AM      0.67      0.00      0.67      0.00      8.00
06:50:24 AM      0.00      0.00      0.00      0.00      0.00
06:50:27 AM      0.67      0.00      0.67      0.00      8.00
06:50:30 AM      0.00      0.00      0.00      0.00      0.00
06:50:33 AM      0.67      0.00      0.67      0.00     10.67
06:50:36 AM      0.00      0.00      0.00      0.00      0.00
06:50:39 AM      0.67      0.00      0.67      0.00      8.00
06:50:42 AM      4.67      0.67      4.00      5.33     37.33
06:50:45 AM      0.33      0.00      0.33      0.00     18.60
06:50:48 AM      0.33      0.00      0.33      0.00      0.00
06:50:51 AM      0.67      0.00      0.67      0.00      8.00
06:50:54 AM      0.00      0.00      0.00      0.00      0.00
06:50:57 AM      0.66      0.00      0.66      0.00      7.97
06:51:00 AM      0.00      0.00      0.00      0.00      0.00
06:51:03 AM      0.67      0.00      0.67      0.00      8.00
06:51:06 AM      0.00      0.00      0.00      0.00      0.00
06:51:09 AM      0.66      0.00      0.66      0.00      7.97
06:51:12 AM      0.00      0.00      0.00      0.00      0.00
06:51:15 AM      0.67      0.00      0.67      0.00      8.00
06:51:18 AM      1.67      0.00      1.67      0.00     16.00
06:51:21 AM      0.67      0.00      0.67      0.00      8.00
06:51:24 AM      0.00      0.00      0.00      0.00      0.00
06:51:27 AM      0.67      0.00      0.67      0.00      8.00
06:51:30 AM      0.00      0.00      0.00      0.00      0.00
06:51:33 AM      0.67      0.00      0.67      0.00     10.67
06:51:36 AM      0.00      0.00      0.00      0.00      0.00
06:51:39 AM      0.67      0.00      0.67      0.00      8.00
06:51:42 AM      0.00      0.00      0.00      0.00      0.00
06:51:45 AM      0.67      0.00      0.67      0.00      8.00
06:51:48 AM      0.33      0.00      0.33      0.00      2.66
06:51:51 AM      1.00      0.00      1.00      0.00     10.70
06:51:54 AM      0.00      0.00      0.00      0.00      0.00
06:51:57 AM      1.00      0.00      1.00      0.00     10.70
06:52:00 AM      0.00      0.00      0.00      0.00      0.00
06:52:03 AM      0.67      0.00      0.67      0.00      8.03
06:52:06 AM      0.00      0.00      0.00      0.00      0.00
06:52:09 AM      0.66      0.00      0.66      0.00      7.97
06:52:12 AM      0.00      0.00      0.00      0.00      0.00
06:52:15 AM      0.67      0.00      0.67      0.00      8.03
06:52:18 AM      0.00      0.00      0.00      0.00      0.00
06:52:21 AM      2.34      1.34      1.00    206.02     13.38
06:52:24 AM      0.33      0.33      0.00      2.66      0.00
06:52:27 AM      1.00      0.00      1.00      0.00     13.33
06:52:30 AM      0.00      0.00      0.00      0.00      0.00
06:52:33 AM      0.67      0.00      0.67      0.00     10.70
06:52:36 AM      0.00      0.00      0.00      0.00      0.00
06:52:39 AM      0.33      0.00      0.33      0.00      5.32
06:52:42 AM      0.33      0.00      0.33      0.00      2.68
06:52:45 AM      0.67      0.00      0.67      0.00      8.00
06:52:48 AM      0.00      0.00      0.00      0.00      0.00
06:52:51 AM      0.66      0.00      0.66      0.00      7.97
06:52:54 AM      0.00      0.00      0.00      0.00      0.00
06:52:57 AM      0.99      0.00      0.99      0.00     10.60
06:53:00 AM      0.00      0.00      0.00      0.00      0.00
06:53:03 AM      1.00      0.00      1.00      0.00     10.67
06:53:06 AM      0.33      0.00      0.33      0.00      2.66
06:53:09 AM      0.67      0.00      0.67      0.00      8.00
06:53:13 AM    860.83    516.59    344.24   7413.82  68383.41
06:53:15 AM    343.37    342.86      0.51   3800.00      8.16
06:53:18 AM     96.98     96.64      0.34   1106.04      2.68
06:53:21 AM    106.71    106.38      0.34   1548.99      8.05
06:53:24 AM    112.67    106.67      6.00    861.33   1330.67
06:53:27 AM    125.42    125.08      0.33   1067.56      8.03
06:53:30 AM    176.08    122.59     53.49   1100.33  13350.17
06:53:33 AM    135.67    135.33      0.33   1381.33      8.00
06:53:36 AM    124.00    123.67      0.33   1066.67      2.67
06:53:39 AM    158.00    157.67      0.33   1304.00      8.00
06:53:42 AM    166.78    165.78      1.00   1374.09     13.29
06:53:45 AM    184.28    183.61      0.67   1610.70     18.73
06:53:48 AM    193.67    192.00      1.67   1597.33     18.67
06:53:51 AM    177.00    175.00      2.00   1482.67     34.67
06:53:54 AM    196.33    188.67      7.67   1589.33   1381.33
06:53:57 AM    212.33    158.67     53.67   1989.33  12776.00
06:54:00 AM    217.67    215.33      2.33   2493.33    520.00
06:54:03 AM    180.00    179.67      0.33   1720.00      8.00
06:54:06 AM    225.00    223.67      1.33   1917.33      8.00
06:54:09 AM    202.33    202.00      0.33   1856.00      8.00
06:54:12 AM    229.67    229.00      0.67   2813.33     34.67
06:54:15 AM    182.72    173.75      8.97   1546.84   1778.07
06:54:18 AM    194.65    186.29      8.36   1674.92   1653.51
06:54:21 AM    193.67    188.33      5.33   1736.00    981.33
06:54:24 AM    258.00    239.00     19.00   2264.00   3984.00
06:54:27 AM    227.00    226.33      0.67   2066.67     13.33
06:54:30 AM    292.67    280.67     12.00   2589.33   2610.67
06:54:33 AM    255.33    215.00     40.33   2261.33   9144.00
06:54:36 AM    313.29    303.99      9.30   3141.53   2362.79
06:54:39 AM    295.67    295.33      0.33   2688.00      8.00
06:54:42 AM    348.67    348.00      0.67   3096.00     56.00
06:54:45 AM    350.67    313.33     37.33   2736.00   9064.00
06:54:48 AM    324.58    324.25      0.33   2939.53      2.66
06:54:51 AM    324.75    307.69     17.06   2739.80   3818.06
06:54:54 AM    328.67    298.00     30.67   2952.00   7568.00
06:54:57 AM    230.00    229.67      0.33   2130.67     13.33
06:55:00 AM    240.53    240.20      0.33   2203.32      0.00
06:55:03 AM    206.33    206.00      0.33   1978.67      8.00
06:55:06 AM    183.33    177.67      5.67   1608.00    882.67
06:55:09 AM    190.33    179.33     11.00   1640.00   1666.67
06:55:12 AM    176.59    162.54     14.05   2383.95   1888.96
06:55:15 AM    165.45    156.48      8.97   1435.22   1464.45
06:55:18 AM    127.67    124.67      3.00   1133.33    373.33
06:55:21 AM    169.90    143.48     26.42   1428.76   5059.53
06:55:24 AM    144.67    142.33      2.33   1266.67    490.67
06:55:27 AM    166.00    165.00      1.00   1482.67     13.33
06:55:30 AM    200.67    199.33      1.33   1733.33    146.67
06:55:33 AM    250.67    238.67     12.00   2365.33   1856.00
06:55:36 AM    257.00    247.33      9.67   2250.67   1685.33
Average:       103.10     94.49      8.61    940.82   1702.25
