Linux 4.2.2 (vm1_27) 	07/18/2017 	_x86_64_	(1 CPU)

06:56:45 AM       tps      rtps      wtps   bread/s   bwrtn/s
06:56:48 AM      0.33      0.00      0.33      0.00      2.66
06:56:51 AM      0.67      0.00      0.67      0.00     21.33
06:56:54 AM      0.00      0.00      0.00      0.00      0.00
06:56:57 AM      1.00      0.00      1.00      0.00     10.63
06:57:00 AM      0.00      0.00      0.00      0.00      0.00
06:57:03 AM      1.00      0.67      0.33      5.33      8.00
06:57:06 AM      0.33      0.00      0.33      0.00      0.00
06:57:09 AM      0.33      0.00      0.33      0.00      7.97
06:57:12 AM      0.33      0.00      0.33      0.00      0.00
06:57:15 AM      0.33      0.00      0.33      0.00      7.97
06:57:18 AM      1.00      0.33      0.67      2.68      2.68
06:57:21 AM      1.99      1.66      0.33    207.31     15.95
06:57:24 AM      3.65      0.66      2.99      5.32     21.26
06:57:27 AM      0.33      0.00      0.33      0.00     10.70
06:57:30 AM      0.33      0.00      0.33      0.00      2.67
06:57:33 AM      0.33      0.00      0.33      0.00     10.63
06:57:36 AM      0.33      0.00      0.33      0.00      0.00
06:57:39 AM      0.33      0.00      0.33      0.00      7.97
06:57:42 AM      0.33      0.00      0.33      0.00      0.00
06:57:45 AM      0.33      0.00      0.33      0.00      5.32
06:57:48 AM      0.33      0.00      0.33      0.00      2.67
06:57:51 AM      0.33      0.00      0.33      0.00      7.97
06:57:54 AM      0.67      0.00      0.67      0.00      2.67
06:57:57 AM      1.00      0.00      1.00      0.00     10.67
06:58:00 AM      0.00      0.00      0.00      0.00      0.00
06:58:03 AM      1.33      0.00      1.33      0.00     13.33
06:58:06 AM      0.33      0.00      0.33      0.00      2.67
06:58:09 AM      0.33      0.00      0.33      0.00      8.00
06:58:12 AM      0.33      0.00      0.33      0.00      0.00
06:58:15 AM      0.33      0.00      0.33      0.00      5.33
06:58:18 AM      0.33      0.00      0.33      0.00      2.67
06:58:21 AM      0.33      0.00      0.33      0.00      8.00
06:58:24 AM      0.33      0.00      0.33      0.00      0.00
06:58:27 AM      1.00      0.00      1.00      0.00     10.63
06:58:30 AM      0.00      0.00      0.00      0.00      0.00
06:58:33 AM      0.67      0.00      0.67      0.00     13.33
06:58:36 AM      0.33      0.00      0.33      0.00      0.00
06:58:39 AM      0.33      0.00      0.33      0.00      7.97
06:58:42 AM      0.33      0.00      0.33      0.00      0.00
06:58:45 AM      0.66      0.00      0.66      0.00      7.95
06:58:48 AM      0.00      0.00      0.00      0.00      0.00
06:58:51 AM      0.33      0.00      0.33      0.00      8.00
06:58:54 AM      0.33      0.00      0.33      0.00      0.00
06:58:57 AM      0.33      0.00      0.33      0.00      8.00
06:59:00 AM      0.33      0.00      0.33      0.00      0.00
06:59:03 AM      1.00      0.00      1.00      0.00     13.33
06:59:06 AM      0.33      0.00      0.33      0.00      0.00
06:59:09 AM      0.66      0.00      0.66      0.00      7.97
06:59:12 AM      0.33      0.00      0.33      0.00      2.67
06:59:15 AM      0.33      0.00      0.33      0.00      8.03
06:59:18 AM      0.33      0.00      0.33      0.00      0.00
06:59:21 AM      0.33      0.00      0.33      0.00      7.97
06:59:24 AM      0.33      0.00      0.33      0.00      0.00
06:59:27 AM      0.33      0.00      0.33      0.00      8.03
06:59:30 AM      0.33      0.00      0.33      0.00      0.00
06:59:33 AM      0.67      0.00      0.67      0.00     10.67
06:59:36 AM      0.00      0.00      0.00      0.00      0.00
06:59:39 AM      0.67      0.00      0.67      0.00      8.00
06:59:42 AM      0.67      0.00      0.67      0.00      5.33
06:59:45 AM      0.33      0.00      0.33      0.00      5.32
06:59:54 AM    173.89     67.55    106.34   1074.66  22584.93
07:00:01 AM    207.29    197.87      9.42   1840.73   2176.29
07:00:04 AM    160.94    158.25      2.69   1783.16    544.11
07:00:07 AM    240.00    186.78     53.22   2080.00  13288.14
07:00:10 AM    159.60    159.26      0.34   1750.84      5.39
07:00:13 AM    166.56    166.22      0.33   1501.00      2.68
07:00:16 AM    170.10    169.44      0.66   1560.13      7.97
07:00:19 AM    168.11    168.11      0.00   1517.61      0.00
07:00:22 AM    186.29    183.61      2.68   1666.89    425.42
07:00:25 AM    159.33    154.00      5.33   1384.00   1109.33
07:00:28 AM    152.33    145.00      7.33   1376.00   1226.67
07:00:31 AM    105.33     97.33      8.00   1088.00   1552.00
07:00:34 AM     76.33     72.00      4.33   1368.00    725.33
07:00:37 AM    139.46     88.29     51.17    877.59  12345.15
07:00:40 AM     71.76     71.43      0.33    627.24      2.66
07:00:43 AM     90.97     89.97      1.00    789.30     21.40
07:00:46 AM     70.10     69.77      0.33    637.87      0.00
07:00:49 AM     86.00     85.33      0.67    754.67      8.00
07:00:52 AM     82.67     82.67      0.00   1517.33      0.00
07:00:55 AM     87.63     86.96      0.67    733.11      8.03
07:00:58 AM    115.89    115.89      0.00   1027.81      0.00
07:01:01 AM    109.00    108.33      0.67    930.67      8.00
07:01:04 AM     99.00     98.67      0.33   1002.67      2.67
07:01:07 AM     73.67     73.00      0.67    706.67      8.00
07:01:10 AM    134.78    133.11      1.67   1225.42     18.73
07:01:13 AM    141.53    136.21      5.32   1291.69    943.52
07:01:16 AM    219.67    174.00     45.67   1848.00  10997.33
07:01:19 AM    119.60    118.94      0.66   1384.72     10.63
07:01:22 AM    151.00    150.67      0.33   1514.67      2.67
07:01:25 AM    174.92    174.58      0.33   1642.81     13.38
07:01:28 AM    228.67    228.33      0.33   2125.33      0.00
07:01:31 AM    187.00    186.67      0.33   1690.67      8.00
07:01:34 AM    163.00    155.67      7.33   1661.33   1344.00
07:01:37 AM    209.30    202.66      6.64   1961.46   1126.91
07:01:40 AM    213.71    209.36      4.35   1990.64    789.30
07:01:43 AM    209.93    182.78     27.15   1917.88   5949.67
07:01:46 AM    165.22    165.22      0.00   1567.89      0.00
07:01:49 AM    170.33    167.00      3.33   1680.00     34.67
07:01:52 AM    166.00    162.00      4.00   2333.33    818.67
07:01:55 AM    108.67    103.67      5.00    989.33    728.00
07:01:58 AM    145.67    137.33      8.33   1285.33   1914.67
07:02:01 AM    115.00    112.00      3.00   1053.33    578.67
07:02:04 AM    126.91    120.27      6.64   1233.22   1113.62
07:02:07 AM    146.33    139.67      6.67   1336.00   1074.67
07:02:10 AM    166.00    156.00     10.00   1616.00   2072.00
07:02:13 AM    186.96    178.93      8.03   1752.51   1442.14
07:02:16 AM    209.63    196.01     13.62   2118.27   2474.42
07:02:19 AM    225.00    198.33     26.67   2242.67   6152.00
07:02:22 AM    114.00    113.00      1.00   1464.00      8.00
07:02:25 AM    110.33    109.00      1.33   1061.33     29.33
Average:        70.87     63.89      6.98    663.97   1427.87
