Linux 4.2.2 (vm1_27) 	07/18/2017 	_x86_64_	(1 CPU)

06:09:53 AM       tps      rtps      wtps   bread/s   bwrtn/s
06:09:56 AM      0.67      0.00      0.67      0.00      5.35
06:09:59 AM      0.66      0.00      0.66      0.00     21.26
06:10:02 AM     14.00     13.67      0.33    253.33      2.67
06:10:05 AM     37.67     37.00      0.67    728.00     10.67
06:10:08 AM      3.34      2.34      1.00     18.73     18.73
06:10:11 AM      0.33      0.00      0.33      0.00      7.95
06:10:14 AM      0.33      0.00      0.33      0.00      2.67
06:10:17 AM      0.67      0.00      0.67      0.00      8.00
06:10:20 AM      0.00      0.00      0.00      0.00      0.00
06:10:23 AM      0.66      0.00      0.66      0.00     10.63
06:10:26 AM      0.67      0.33      0.33      2.67      2.67
06:10:29 AM      0.67      0.00      0.67      0.00     13.33
06:10:32 AM      2.99      0.33      2.66      2.66     26.58
06:10:35 AM      0.67      0.00      0.67      0.00     13.33
06:10:38 AM      1.33      0.33      1.00      2.66      7.97
06:10:41 AM      0.67      0.00      0.67      0.00     18.67
06:10:44 AM      0.00      0.00      0.00      0.00      0.00
06:10:47 AM      0.66      0.00      0.66      0.00      7.97
06:10:50 AM      0.00      0.00      0.00      0.00      0.00
06:10:53 AM      0.66      0.00      0.66      0.00      7.97
06:10:56 AM      0.00      0.00      0.00      0.00      0.00
06:10:59 AM      0.66      0.00      0.66      0.00      7.97
06:11:02 AM      0.33      0.00      0.33      0.00      2.66
06:11:05 AM      0.67      0.00      0.67      0.00      8.00
06:11:08 AM      2.00      0.00      2.00      0.00     18.67
06:11:11 AM      0.67      0.00      0.67      0.00      8.03
06:11:14 AM      0.00      0.00      0.00      0.00      0.00
06:11:17 AM      0.66      0.00      0.66      0.00      7.97
06:11:20 AM      0.00      0.00      0.00      0.00      0.00
06:11:23 AM      0.67      0.00      0.67      0.00     10.67
06:11:26 AM      0.00      0.00      0.00      0.00      0.00
06:11:29 AM      0.67      0.00      0.67      0.00      8.00
06:11:32 AM      0.00      0.00      0.00      0.00      0.00
06:11:35 AM      0.66      0.00      0.66      0.00      7.97
06:11:38 AM      0.33      0.00      0.33      0.00      2.68
06:11:41 AM      1.66      0.00      1.66      0.00     15.89
06:11:44 AM      0.00      0.00      0.00      0.00      0.00
06:11:47 AM      0.67      0.00      0.67      0.00      8.03
06:11:50 AM      0.00      0.00      0.00      0.00      0.00
06:11:53 AM      0.66      0.00      0.66      0.00      7.97
06:11:56 AM      0.00      0.00      0.00      0.00      0.00
06:11:59 AM      0.67      0.00      0.67      0.00      8.00
06:12:02 AM      0.00      0.00      0.00      0.00      0.00
06:12:05 AM      0.66      0.00      0.66      0.00      7.97
06:12:08 AM      0.00      0.00      0.00      0.00      0.00
06:12:11 AM      1.00      0.00      1.00      0.00     10.67
06:12:14 AM      0.00      0.00      0.00      0.00      0.00
06:12:17 AM      1.00      0.00      1.00      0.00     10.67
06:12:20 AM      0.33      0.33      0.00      2.67      0.00
06:12:23 AM      1.00      0.33      0.66      2.66     10.63
06:12:26 AM      0.00      0.00      0.00      0.00      0.00
06:12:29 AM      0.66      0.00      0.66      0.00      7.97
06:12:32 AM      0.00      0.00      0.00      0.00      0.00
06:12:35 AM      0.67      0.00      0.67      0.00      8.00
06:12:38 AM      0.00      0.00      0.00      0.00      0.00
06:12:41 AM      0.67      0.00      0.67      0.00      8.00
06:12:44 AM      0.00      0.00      0.00      0.00      0.00
06:12:47 AM      1.00      0.00      1.00      0.00     10.63
06:12:50 AM      0.00      0.00      0.00      0.00      0.00
06:12:53 AM      1.00      0.00      1.00      0.00     10.67
06:12:57 AM    302.81     84.68    218.13   2192.28  44916.02
06:13:05 AM     92.66     92.66      0.00   1186.01      0.00
06:13:08 AM     63.21     62.54      0.67    890.97      8.03
06:13:11 AM     78.45     78.11      0.34    708.42      5.39
06:13:14 AM     70.00     69.67      0.33    576.00      2.67
06:13:17 AM     71.33     71.00      0.33    589.33      5.33
06:13:20 AM     65.33     65.00      0.33    666.67      2.67
06:13:23 AM     76.41     76.08      0.33    853.16      7.97
06:13:26 AM     63.55     63.21      0.33    610.03      2.68
06:13:29 AM     74.67     74.33      0.33    661.33      8.00
06:13:32 AM     63.12     62.46      0.66    544.85      5.32
06:13:35 AM     65.67     65.33      0.33    568.00      5.33
06:13:38 AM     66.00     65.67      0.33    581.33      2.67
06:13:41 AM     62.79     61.79      1.00    560.80     15.95
06:13:44 AM     70.57     70.23      0.33    596.66      2.68
06:13:47 AM     71.43     71.10      0.33    645.85      5.32
06:13:50 AM     81.27     80.94      0.33    717.06      2.68
06:13:53 AM     88.67     88.33      0.33    752.00      5.33
06:13:56 AM     80.67     79.33      1.33    744.00     10.67
06:13:59 AM     93.00     92.67      0.33    960.00      5.33
06:14:02 AM     70.67     70.33      0.33   1096.00      2.67
06:14:05 AM     80.33     80.00      0.33    901.33      5.33
06:14:08 AM     72.67     72.00      0.67    613.33      5.33
06:14:11 AM     89.00     88.67      0.33    781.33      5.33
06:14:14 AM     80.67     80.33      0.33    706.67      2.67
06:14:17 AM     90.00     89.33      0.67    816.00      8.00
06:14:20 AM     83.33     83.00      0.33    765.33      2.67
06:14:23 AM     82.33     82.00      0.33    784.00     10.67
06:14:26 AM     81.33     81.00      0.33    752.00      0.00
06:14:29 AM     81.33     81.00      0.33    800.00      5.33
06:14:32 AM     81.00     80.67      0.33    768.00      2.67
06:14:35 AM     94.00     93.67      0.33    866.67      5.33
06:14:38 AM     85.67     85.33      0.33    789.33      2.67
06:14:41 AM     73.42     73.09      0.33    717.61      5.32
06:14:44 AM     70.00     69.00      1.00    690.67      8.00
06:14:47 AM     86.62     86.29      0.33    818.73     10.70
06:14:50 AM     88.70     88.37      0.33    903.65      2.66
06:14:53 AM     87.96     87.29      0.67    848.16      8.03
06:14:56 AM     95.02     93.69      1.33    970.10     10.63
06:14:59 AM    107.33    107.00      0.33   1050.67      5.33
06:15:02 AM     92.64     92.31      0.33    904.35      2.68
06:15:05 AM    104.98    104.65      0.33   1004.65      5.32
06:15:08 AM    100.00     99.67      0.33    901.33      2.67
06:15:11 AM    103.01     99.33      3.68    925.75    730.43
06:15:14 AM    135.22     86.05     49.17    826.58  12284.39
06:15:17 AM    108.33    107.67      0.67    994.67      8.00
06:15:20 AM     99.67     99.34      0.33    932.89      2.66
06:15:23 AM    108.67    108.33      0.33   1080.00      8.00
06:15:26 AM    120.00    119.33      0.67   1120.00      5.33
06:15:29 AM    129.67    129.33      0.33   1280.00      5.33
Average:        45.84     39.34      6.50    420.46   1267.02
