Linux 4.2.2 (vm1_27) 	07/18/2017 	_x86_64_	(1 CPU)

06:23:14 AM       tps      rtps      wtps   bread/s   bwrtn/s
06:23:17 AM     11.96     11.96      0.00    284.39      0.00
06:23:20 AM      2.33      1.67      0.67    176.00     21.33
06:23:23 AM      1.67      0.00      1.67      0.00     13.33
06:23:26 AM      0.67      0.00      0.67      0.00     10.67
06:23:29 AM      0.33      0.00      0.33      0.00      2.66
06:23:32 AM      0.67      0.00      0.67      0.00      8.00
06:23:35 AM      0.00      0.00      0.00      0.00      0.00
06:23:38 AM      0.66      0.00      0.66      0.00      7.97
06:23:41 AM      0.00      0.00      0.00      0.00      0.00
06:23:44 AM      0.67      0.00      0.67      0.00      8.00
06:23:47 AM      0.67      0.33      0.33      2.68      2.68
06:23:50 AM      0.67      0.00      0.67      0.00     13.33
06:23:53 AM      0.66      0.33      0.33      2.66      2.66
06:23:56 AM      0.67      0.00      0.67      0.00     13.33
06:23:59 AM      1.33      0.00      1.33      0.00     13.33
06:24:02 AM      0.66      0.00      0.66      0.00      7.97
06:24:05 AM      0.00      0.00      0.00      0.00      0.00
06:24:08 AM      0.66      0.00      0.66      0.00      7.97
06:24:11 AM      0.00      0.00      0.00      0.00      0.00
06:24:14 AM      0.67      0.00      0.67      0.00      8.03
06:24:17 AM      0.00      0.00      0.00      0.00      0.00
06:24:20 AM      0.67      0.00      0.67      0.00      8.00
06:24:23 AM      0.33      0.00      0.33      0.00      2.67
06:24:26 AM      0.66      0.00      0.66      0.00     10.63
06:24:29 AM      0.33      0.00      0.33      0.00      2.66
06:24:32 AM      1.34      0.00      1.34      0.00     13.38
06:24:35 AM      0.00      0.00      0.00      0.00      0.00
06:24:38 AM      0.67      0.00      0.67      0.00      8.03
06:24:41 AM      0.00      0.00      0.00      0.00      0.00
06:24:44 AM      0.67      0.00      0.67      0.00      8.00
06:24:47 AM      0.00      0.00      0.00      0.00      0.00
06:24:50 AM      0.67      0.00      0.67      0.00      8.00
06:24:53 AM      0.00      0.00      0.00      0.00      0.00
06:24:56 AM      0.67      0.00      0.67      0.00      8.00
06:24:59 AM      0.33      0.00      0.33      0.00      2.68
06:25:02 AM      1.00      0.00      1.00      0.00     10.63
06:25:05 AM      0.00      0.00      0.00      0.00      0.00
06:25:08 AM      0.67      0.00      0.67      0.00      8.00
06:25:11 AM      0.00      0.00      0.00      0.00      0.00
06:25:14 AM      0.66      0.00      0.66      0.00      7.97
06:25:17 AM      0.00      0.00      0.00      0.00      0.00
06:25:20 AM      0.67      0.00      0.67      0.00      8.00
06:25:23 AM      0.00      0.00      0.00      0.00      0.00
06:25:26 AM      0.66      0.00      0.66      0.00     10.63
06:25:29 AM      0.00      0.00      0.00      0.00      0.00
06:25:32 AM      1.00      0.00      1.00      0.00     10.67
06:25:35 AM      0.00      0.00      0.00      0.00      0.00
06:25:38 AM      1.00      0.00      1.00      0.00     10.63
06:25:41 AM      0.00      0.00      0.00      0.00      0.00
06:25:44 AM      0.67      0.00      0.67      0.00      8.00
06:25:47 AM      0.33      0.00      0.33      0.00      2.67
06:25:50 AM      0.66      0.00      0.66      0.00      7.97
06:25:53 AM      0.00      0.00      0.00      0.00      0.00
06:25:56 AM      1.00      0.00      1.00      0.00     10.67
06:25:59 AM      0.00      0.00      0.00      0.00      0.00
06:26:02 AM      0.67      0.00      0.67      0.00      8.00
06:26:05 AM      0.33      0.00      0.33      0.00      2.67
06:26:08 AM      0.67      0.00      0.67      0.00      8.00
06:26:11 AM      0.00      0.00      0.00      0.00      0.00
06:26:14 AM      1.00      0.00      1.00      0.00     10.67
06:26:17 AM     40.73      3.64     37.09    193.38   3525.83
06:26:21 AM    283.13     31.91    251.22   1973.98  54066.67
06:26:24 AM    414.15     67.80    346.34   1600.00  78602.93
06:26:27 AM    312.37     30.43    281.94    454.85  65088.96
06:26:30 AM    302.99    153.16    149.83   1647.84  33060.47
06:26:33 AM    207.00    206.67      0.33   1752.00      5.33
06:26:36 AM    229.57    229.24      0.33   1833.89      2.66
06:26:39 AM    200.00    199.33      0.67   1594.67      8.00
06:26:42 AM    225.75    225.75      0.00   1824.75      0.00
06:26:45 AM    219.87    219.21      0.66   1753.64      7.95
06:26:48 AM    207.00    207.00      0.00   1656.00      0.00
06:26:51 AM    216.67    216.00      0.67   1749.33      8.00
06:26:54 AM    239.46    239.13      0.33   1923.75      2.68
06:26:57 AM    214.67    213.33      1.33   1706.67     13.33
06:27:00 AM    217.33    217.33      0.00   1738.67      0.00
06:27:03 AM    194.33    193.33      1.00   1725.33     16.00
06:27:06 AM    251.00    251.00      0.00   2008.00      0.00
06:27:09 AM    228.33    227.67      0.67   1821.33      8.00
06:27:12 AM    215.00    215.00      0.00   1725.33      0.00
06:27:15 AM    203.33    202.67      0.67   1629.33      8.00
06:27:18 AM    216.67    216.67      0.00   1762.67      0.00
06:27:21 AM    178.33    177.67      0.67   2525.33      8.00
06:27:24 AM    208.33    208.33      0.00   1693.33      0.00
06:27:27 AM    218.33    217.33      1.00   1757.33     13.33
06:27:30 AM    237.67    237.67      0.00   1901.33      0.00
06:27:33 AM    204.67    203.67      1.00   1637.33     10.67
06:27:36 AM    208.67    208.67      0.00   1680.00      0.00
06:27:39 AM    205.00    203.33      1.67   1650.67     16.00
06:27:42 AM    222.67    222.67      0.00   1802.67      0.00
06:27:45 AM    198.34    197.67      0.66   1613.29      7.97
06:27:48 AM    218.73    218.73      0.00   1763.21      0.00
06:27:51 AM    216.94    216.28      0.66   1746.18      7.97
06:27:54 AM    238.00    238.00      0.00   1906.67      0.00
06:27:57 AM    178.93    177.93      1.00   1436.79     10.70
06:28:00 AM    209.00    209.00      0.00   1698.67      0.00
06:28:03 AM    205.33    204.67      0.67   1650.67      8.00
06:28:06 AM    215.67    215.67      0.00   1738.67      0.00
06:28:09 AM    215.28    214.29      1.00   1722.26     10.63
06:28:12 AM    247.00    247.00      0.00   2018.67      0.00
06:28:15 AM    223.41    222.74      0.67   1795.32      8.03
06:28:18 AM    211.00    211.00      0.00   1696.00      0.00
06:28:21 AM    183.33    182.67      0.67   1474.67      8.00
06:28:24 AM    159.47    159.47      0.00   1289.04      0.00
06:28:27 AM    162.33    161.67      0.67   1293.33     10.67
06:28:30 AM    162.67    162.67      0.00   1304.00      0.00
06:28:33 AM    159.33    158.00      1.33   1269.33     13.33
06:28:36 AM    148.33    148.33      0.00   1189.33      0.00
06:28:39 AM    168.67    168.00      0.67   1352.00     13.33
06:28:42 AM    137.67    137.33      0.33   1120.00      2.67
06:28:45 AM    175.67    175.00      0.67   1410.67      8.00
Average:        96.49     85.94     10.56    746.90   2215.32
