Linux 4.2.2 (vm1_27) 	07/18/2017 	_x86_64_	(1 CPU)

07:10:11 AM       tps      rtps      wtps   bread/s   bwrtn/s
07:10:14 AM     23.00     23.00      0.00    370.67      0.00
07:10:17 AM      0.67      0.00      0.67      0.00     24.00
07:10:20 AM      0.33      0.00      0.33      0.00      2.67
07:10:23 AM      0.67      0.00      0.67      0.00      8.03
07:10:26 AM      0.00      0.00      0.00      0.00      0.00
07:10:29 AM      0.67      0.00      0.67      0.00      8.00
07:10:32 AM      0.00      0.00      0.00      0.00      0.00
07:10:35 AM      0.67      0.00      0.67      0.00     10.67
07:10:38 AM      0.00      0.00      0.00      0.00      0.00
07:10:41 AM      3.67      0.00      3.67      0.00     32.00
07:10:44 AM      0.00      0.00      0.00      0.00      0.00
07:10:47 AM      1.33      0.00      1.33      0.00     24.00
07:10:50 AM      0.00      0.00      0.00      0.00      0.00
07:10:53 AM      0.66      0.00      0.66      0.00      7.95
07:10:56 AM      0.00      0.00      0.00      0.00      0.00
07:10:59 AM      0.67      0.00      0.67      0.00      8.00
07:11:02 AM      0.00      0.00      0.00      0.00      0.00
07:11:05 AM      0.67      0.00      0.67      0.00      8.03
07:11:08 AM      0.00      0.00      0.00      0.00      0.00
07:11:11 AM      0.66      0.00      0.66      0.00      7.97
07:11:14 AM      0.00      0.00      0.00      0.00      0.00
07:11:17 AM      1.67      0.00      1.67      0.00     18.67
07:11:20 AM      0.66      0.00      0.66      0.00      5.32
07:11:23 AM      0.67      0.00      0.67      0.00      8.00
07:11:26 AM      0.00      0.00      0.00      0.00      0.00
07:11:29 AM      0.33      0.00      0.33      0.00      7.97
07:11:32 AM      0.33      0.00      0.33      0.00      0.00
07:11:35 AM      0.66      0.00      0.66      0.00     10.63
07:11:38 AM      0.00      0.00      0.00      0.00      0.00
07:11:41 AM      0.67      0.00      0.67      0.00      8.00
07:11:44 AM      0.00      0.00      0.00      0.00      0.00
07:11:47 AM      0.67      0.00      0.67      0.00      8.00
07:11:50 AM      0.33      0.00      0.33      0.00      2.66
07:11:53 AM      0.67      0.00      0.67      0.00      8.00
07:11:56 AM      0.67      0.00      0.67      0.00      5.33
07:11:59 AM      0.67      0.00      0.67      0.00      8.00
07:12:02 AM      0.00      0.00      0.00      0.00      0.00
07:12:05 AM      0.66      0.00      0.66      0.00      7.97
07:12:08 AM      0.00      0.00      0.00      0.00      0.00
07:12:11 AM      0.67      0.00      0.67      0.00      8.00
07:12:14 AM      0.00      0.00      0.00      0.00      0.00
07:12:17 AM      0.67      0.00      0.67      0.00      8.00
07:12:20 AM      0.00      0.00      0.00      0.00      0.00
07:12:23 AM      0.67      0.00      0.67      0.00     10.70
07:12:26 AM      0.33      0.00      0.33      0.00      2.66
07:12:29 AM      0.67      0.00      0.67      0.00      8.00
07:12:32 AM      0.66      0.00      0.66      0.00      5.32
07:12:35 AM      0.67      0.00      0.67      0.00     10.67
07:12:38 AM      0.00      0.00      0.00      0.00      0.00
07:12:41 AM      0.67      0.00      0.67      0.00      8.03
07:12:44 AM      0.00      0.00      0.00      0.00      0.00
07:12:47 AM      0.67      0.00      0.67      0.00      8.00
07:12:50 AM      0.00      0.00      0.00      0.00      0.00
07:12:53 AM      0.66      0.00      0.66      0.00      7.95
07:12:56 AM      0.00      0.00      0.00      0.00      0.00
07:12:59 AM      0.67      0.00      0.67      0.00      8.03
07:13:02 AM      0.33      0.00      0.33      0.00      2.66
07:13:05 AM      0.66      0.00      0.66      0.00      7.97
07:13:08 AM      0.67      0.00      0.67      0.00      5.35
07:13:11 AM      0.67      0.00      0.67      0.00      8.00
07:13:14 AM      0.00      0.00      0.00      0.00      0.00
07:13:20 AM    292.08     54.11    237.97   1060.11  52902.08
07:13:30 AM    106.06     93.27     12.79   1451.85   3218.86
07:13:33 AM    107.09    106.76      0.34   1110.81      8.11
07:13:36 AM    164.09    163.76      0.34   1916.78      0.00
07:13:39 AM    109.00    108.33      0.67    866.67     10.67
07:13:42 AM    124.58    124.58      0.00    996.68      0.00
07:13:45 AM    137.67    137.33      0.33   1104.00      8.00
07:13:48 AM    126.09    125.75      0.33   1016.72      0.00
07:13:51 AM    129.33    128.67      0.67   1029.33     10.67
07:13:54 AM    128.67    128.33      0.33   1026.67      0.00
07:13:57 AM    138.00    137.67      0.33   1101.33      8.00
07:14:00 AM    151.67    150.67      1.00   1205.33      5.33
07:14:03 AM    131.33    131.00      0.33   1146.67     13.33
07:14:06 AM    128.00    127.67      0.33   1021.33      0.00
07:14:09 AM    151.33    151.00      0.33   1290.67      8.00
07:14:12 AM    143.52    142.19      1.33   1137.54      7.97
07:14:15 AM    138.67    138.33      0.33   1106.67      8.00
07:14:18 AM    144.97    144.63      0.34   1653.69      0.00
07:14:21 AM    132.89    132.56      0.33   1448.50      7.97
07:14:24 AM    122.07    121.74      0.33    973.91      0.00
07:14:27 AM    133.22    132.56      0.66   1060.47      7.97
07:14:30 AM    156.52    156.19      0.33   1260.20      2.68
07:14:33 AM    139.20    138.54      0.66   1108.31     10.63
07:14:36 AM    145.82    145.48      0.33   1163.88      0.00
07:14:39 AM    137.54    137.21      0.33   1108.31     10.63
07:14:42 AM    144.48    144.15      0.33   1153.18      0.00
07:14:45 AM    133.22    132.89      0.33   1073.75      7.97
07:14:48 AM    132.67    132.33      0.33   1058.67      0.00
07:14:51 AM    146.49    146.15      0.33   1169.23      8.03
07:14:54 AM    142.52    142.19      0.33   1148.17      0.00
07:14:57 AM    143.00    142.67      0.33   1152.00      8.00
07:15:00 AM    148.83    148.49      0.33   1193.31      0.00
07:15:03 AM    128.67    127.33      1.33   1024.00     18.67
07:15:06 AM    146.33    146.00      0.33   1168.00      2.67
07:15:09 AM    145.67    145.33      0.33   1173.33      8.00
07:15:12 AM    135.67    134.33      1.33   1085.33      8.00
07:15:15 AM    150.33    150.00      0.33   1200.00      8.00
07:15:18 AM    114.95    114.62      0.33    916.94      0.00
07:15:21 AM    138.67    138.33      0.33   1106.67      8.00
07:15:24 AM    146.84    146.51      0.33   1172.09      0.00
07:15:27 AM    141.47    141.14      0.33   1129.10      8.03
07:15:30 AM    142.67    142.33      0.33   1138.67      0.00
07:15:33 AM    141.53    141.20      0.33   1129.57      7.97
07:15:36 AM    137.12    136.45      0.67   1091.64      2.68
07:15:39 AM    141.00    140.67      0.33   1133.33      8.00
07:15:42 AM    131.67    131.00      0.67   1048.00      5.33
07:15:45 AM    138.21    137.87      0.33   1102.99      7.97
07:15:48 AM    135.67    135.33      0.33   1082.67      0.00
07:15:51 AM    116.00    115.67      0.33    933.33      8.00
Average:        69.39     59.74      9.65    527.66   2057.23
