Linux 4.2.2 (vm1_27) 	07/18/2017 	_x86_64_	(1 CPU)

06:03:11 AM       tps      rtps      wtps   bread/s   bwrtn/s
06:03:14 AM      0.00      0.00      0.00      0.00      0.00
06:03:17 AM      0.67      0.00      0.67      0.00     21.33
06:03:20 AM      0.66      0.00      0.66      0.00     10.63
06:03:23 AM      0.00      0.00      0.00      0.00      0.00
06:03:26 AM      1.00      0.00      1.00      0.00     10.67
06:03:29 AM      0.00      0.00      0.00      0.00      0.00
06:03:32 AM      0.67      0.00      0.67      0.00      8.00
06:03:35 AM      0.00      0.00      0.00      0.00      0.00
06:03:38 AM      0.67      0.00      0.67      0.00      8.00
06:03:41 AM      0.00      0.00      0.00      0.00      0.00
06:03:44 AM      1.99      0.66      1.33      5.32     13.29
06:03:47 AM      0.00      0.00      0.00      0.00      0.00
06:03:50 AM      2.33      0.00      2.33      0.00     31.89
06:03:53 AM      0.00      0.00      0.00      0.00      0.00
06:03:56 AM      0.66      0.00      0.66      0.00      7.97
06:03:59 AM      0.00      0.00      0.00      0.00      0.00
06:04:02 AM      0.67      0.00      0.67      0.00      8.03
06:04:05 AM      0.00      0.00      0.00      0.00      0.00
06:04:08 AM      0.66      0.00      0.66      0.00      7.97
06:04:11 AM      0.00      0.00      0.00      0.00      0.00
06:04:14 AM      0.67      0.00      0.67      0.00      8.00
06:04:17 AM      0.00      0.00      0.00      0.00      0.00
06:04:20 AM      2.98      0.00      2.98      0.00     31.79
06:04:23 AM      0.00      0.00      0.00      0.00      0.00
06:04:26 AM      0.67      0.00      0.67      0.00      8.00
06:04:29 AM      0.00      0.00      0.00      0.00      0.00
06:04:32 AM      0.66      0.00      0.66      0.00      7.97
06:04:35 AM      0.00      0.00      0.00      0.00      0.00
06:04:38 AM      0.67      0.00      0.67      0.00      8.00
06:04:41 AM      0.00      0.00      0.00      0.00      0.00
06:04:44 AM      0.67      0.00      0.67      0.00      8.00
06:04:47 AM      0.00      0.00      0.00      0.00      0.00
06:04:50 AM      0.67      0.00      0.67      0.00      8.00
06:04:53 AM      0.00      0.00      0.00      0.00      0.00
06:04:56 AM      1.33      0.00      1.33      0.00     13.29
06:04:59 AM      0.00      0.00      0.00      0.00      0.00
06:05:02 AM      0.66      0.00      0.66      0.00      7.97
06:05:05 AM      0.00      0.00      0.00      0.00      0.00
06:05:08 AM      0.67      0.00      0.67      0.00      8.00
06:05:11 AM      0.00      0.00      0.00      0.00      0.00
06:05:14 AM      0.67      0.00      0.67      0.00      8.00
06:05:17 AM      0.00      0.00      0.00      0.00      0.00
06:05:20 AM      0.67      0.00      0.67      0.00     10.70
06:05:23 AM      0.00      0.00      0.00      0.00      0.00
06:05:26 AM      0.67      0.00      0.67      0.00      8.03
06:05:29 AM      0.00      0.00      0.00      0.00      0.00
06:05:32 AM      1.33      0.00      1.33      0.00     13.33
06:05:35 AM      0.33      0.00      0.33      0.00      2.67
06:05:38 AM      0.67      0.00      0.67      0.00      8.00
06:05:41 AM      0.00      0.00      0.00      0.00      0.00
06:05:44 AM      0.67      0.00      0.67      0.00      8.03
06:05:47 AM      0.00      0.00      0.00      0.00      0.00
06:05:50 AM      0.67      0.00      0.67      0.00      8.00
06:05:53 AM      0.00      0.00      0.00      0.00      0.00
06:05:56 AM      0.66      0.00      0.66      0.00      7.95
06:05:59 AM      0.00      0.00      0.00      0.00      0.00
06:06:02 AM      0.67      0.00      0.67      0.00      8.03
06:06:05 AM      0.66      0.00      0.66      0.00      5.32
06:06:08 AM      0.67      0.00      0.67      0.00      8.00
06:06:11 AM      0.00      0.00      0.00      0.00      0.00
06:06:20 AM    286.27     70.63    215.64   2017.03  47739.36
06:06:25 AM    219.37    219.01      0.35   2450.70      0.00
06:06:28 AM    265.31    264.97      0.34   2361.90      8.16
06:06:31 AM    274.75    274.42      0.33   2237.87      0.00
06:06:34 AM    280.27    279.93      0.33   2250.17      8.03
06:06:37 AM    239.00    238.67      0.33   1936.00      0.00
06:06:40 AM    267.33    267.00      0.33   2226.67      8.00
06:06:43 AM    236.67    236.33      0.33   1962.67      0.00
06:06:46 AM    276.08    275.42      0.66   2325.58     10.63
06:06:49 AM    248.16    247.83      0.33   2113.71      0.00
06:06:52 AM    244.67    244.33      0.33   2053.33      8.00
06:06:55 AM    252.82    252.49      0.33   2142.19      0.00
06:06:58 AM    243.81    242.14      1.67   2049.50     21.40
06:07:01 AM    249.67    249.67      0.00   2098.67      0.00
06:07:04 AM    226.58    226.25      0.33   2107.64      7.97
06:07:07 AM    217.73    217.39      0.33   1819.40      0.00
06:07:10 AM    242.33    242.00      0.33   2136.00      8.00
06:07:13 AM    240.00    239.67      0.33   2144.00      0.00
06:07:16 AM    240.47    240.13      0.33   2953.85      8.03
06:07:19 AM    215.33    215.00      0.33   1960.00      0.00
06:07:22 AM    174.67    174.00      0.67   2005.33     13.33
06:07:25 AM    199.00    198.67      0.33   2024.00      0.00
06:07:28 AM    227.00    226.67      0.33   2397.33      8.00
06:07:31 AM    194.33    192.67      1.67   1970.67     10.67
06:07:34 AM    209.67    209.33      0.33   2165.33      8.00
06:07:37 AM    125.00    124.67      0.33   1224.00      0.00
06:07:40 AM    133.67    133.33      0.33   1376.00      8.00
06:07:43 AM    140.33    140.00      0.33   1557.33      0.00
06:07:46 AM    152.67    152.33      0.33   1520.00      8.00
06:07:49 AM    160.33    160.00      0.33   1381.33      0.00
06:07:52 AM    148.33    148.00      0.33   1296.00      8.00
06:07:55 AM    141.67    141.33      0.33   1224.00      0.00
06:07:58 AM    140.33    139.00      1.33   1226.67     18.67
06:08:01 AM    143.00    143.00      0.00   1261.33      0.00
06:08:04 AM    138.67    138.33      0.33   1229.33      8.00
06:08:07 AM    174.00    173.33      0.67   1493.33      2.67
06:08:10 AM    142.00    141.33      0.67   1258.67      8.00
06:08:13 AM    155.67    155.67      0.00   1400.00      0.00
06:08:16 AM    134.88    134.55      0.33   1182.72      7.97
06:08:19 AM    141.67    141.33      0.33   1290.67      0.00
06:08:22 AM    137.46    137.12      0.33   1466.22     10.70
06:08:25 AM    142.19    141.86      0.33   1533.55      0.00
06:08:28 AM    166.67    166.33      0.33   1896.00      8.00
06:08:31 AM    156.67    155.33      1.33   1378.67      8.00
06:08:34 AM    160.54    159.87      0.67   1439.46     10.70
06:08:37 AM    164.90    164.90      0.00   1409.27      0.00
06:08:40 AM    143.67    143.33      0.33   1293.33      8.00
06:08:43 AM    101.33    100.67      0.67    978.67      2.67
06:08:46 AM     96.68     96.35      0.33    842.52      7.97
06:08:49 AM    112.37    112.04      0.33    984.62      0.00
Average:        91.73     83.96      7.77    820.78   1628.62
