Linux 4.2.2 (vm1_27) 	07/18/2017 	_x86_64_	(1 CPU)

07:03:25 AM       tps      rtps      wtps   bread/s   bwrtn/s
07:03:28 AM     23.67     23.33      0.33    378.67      2.67
07:03:31 AM      1.00      0.33      0.67      2.68     21.40
07:03:34 AM      1.99      0.00      1.99      0.00     15.95
07:03:37 AM      1.00      0.00      1.00      0.00     13.29
07:03:40 AM      0.00      0.00      0.00      0.00      0.00
07:03:43 AM      0.67      0.00      0.67      0.00      8.03
07:03:46 AM      0.00      0.00      0.00      0.00      0.00
07:03:49 AM      0.33      0.00      0.33      0.00      5.33
07:03:52 AM      0.33      0.00      0.33      0.00      2.66
07:03:55 AM      0.33      0.00      0.33      0.00      5.35
07:03:58 AM      1.00      0.33      0.66      2.66      5.32
07:04:01 AM      0.33      0.00      0.33      0.00     10.67
07:04:04 AM      1.00      0.33      0.66      2.66      5.32
07:04:07 AM      1.33      0.00      1.33      0.00     18.67
07:04:10 AM      0.33      0.00      0.33      0.00      2.66
07:04:13 AM      0.33      0.00      0.33      0.00      5.33
07:04:16 AM      0.33      0.00      0.33      0.00      2.67
07:04:19 AM      0.33      0.00      0.33      0.00      5.35
07:04:22 AM      0.33      0.00      0.33      0.00      2.64
07:04:25 AM      0.33      0.00      0.33      0.00      5.35
07:04:28 AM      0.33      0.00      0.33      0.00      2.67
07:04:31 AM      0.33      0.00      0.33      0.00      5.32
07:04:34 AM      0.67      0.00      0.67      0.00      5.33
07:04:37 AM      1.00      0.00      1.00      0.00     13.38
07:04:40 AM      0.00      0.00      0.00      0.00      0.00
07:04:43 AM      1.33      0.00      1.33      0.00     13.33
07:04:46 AM      0.33      0.00      0.33      0.00      2.67
07:04:49 AM      0.33      0.00      0.33      0.00      5.33
07:04:52 AM      0.33      0.00      0.33      0.00      2.67
07:04:55 AM      0.33      0.00      0.33      0.00      5.32
07:04:58 AM      0.33      0.00      0.33      0.00      2.68
07:05:01 AM      0.33      0.00      0.33      0.00      5.32
07:05:04 AM      0.33      0.00      0.33      0.00      2.66
07:05:07 AM      1.00      0.00      1.00      0.00     10.67
07:05:10 AM      0.00      0.00      0.00      0.00      0.00
07:05:13 AM      0.67      0.00      0.67      0.00      8.00
07:05:16 AM      0.33      0.00      0.33      0.00      2.66
07:05:19 AM      0.33      0.00      0.33      0.00      5.33
07:05:22 AM      0.33      0.00      0.33      0.00      2.67
07:05:25 AM      0.33      0.00      0.33      0.00      5.33
07:05:28 AM      0.33      0.00      0.33      0.00      2.66
07:05:31 AM      0.33      0.00      0.33      0.00      5.33
07:05:34 AM      0.33      0.00      0.33      0.00      2.66
07:05:37 AM      0.33      0.00      0.33      0.00      8.00
07:05:40 AM      0.33      0.00      0.33      0.00      2.67
07:05:43 AM      1.00      0.00      1.00      0.00     10.63
07:05:46 AM      0.33      0.00      0.33      0.00      2.68
07:05:49 AM      0.67      0.00      0.67      0.00      8.00
07:05:52 AM      0.33      0.00      0.33      0.00      2.66
07:05:55 AM      0.33      0.00      0.33      0.00      5.33
07:05:58 AM      0.33      0.00      0.33      0.00      2.66
07:06:01 AM      0.33      0.00      0.33      0.00      5.33
07:06:04 AM      0.33      0.00      0.33      0.00      2.66
07:06:07 AM      0.33      0.00      0.33      0.00      5.35
07:06:10 AM      0.33      0.00      0.33      0.00      2.67
07:06:13 AM      0.33      0.00      0.33      0.00      5.32
07:06:16 AM      0.33      0.00      0.33      0.00      2.67
07:06:19 AM      0.66      0.00      0.66      0.00      7.97
07:06:22 AM      0.67      0.00      0.67      0.00      5.33
07:06:25 AM      0.33      0.00      0.33      0.00      5.35
07:06:31 AM    222.80     18.73    204.07   1010.17  45556.61
07:06:38 AM    171.26     33.33    137.93    551.72  31439.08
07:06:41 AM    185.47     21.28    164.19    540.54  38862.16
07:06:44 AM    481.11     38.44    442.67    411.73  54978.50
07:06:47 AM     61.11     10.76     50.35     94.44   8372.22
07:06:50 AM     76.85     31.21     45.64    252.35   9742.28
07:06:53 AM    132.31    131.63      0.68   1248.98     10.88
07:06:56 AM    152.33    152.00      0.33   1288.00      0.00
07:06:59 AM    130.67    130.00      0.67   1040.00      8.00
07:07:02 AM    142.00    142.00      0.00   1277.33      0.00
07:07:05 AM    137.21    136.21      1.00   1089.70     10.63
07:07:08 AM    153.00    153.00      0.00   1224.00      0.00
07:07:11 AM    145.48    144.48      1.00   1155.85     10.70
07:07:14 AM    125.00    125.00      0.00   1000.00      0.00
07:07:17 AM    129.90    128.57      1.33   1039.20     18.60
07:07:20 AM    140.00    140.00      0.00   1224.00      0.00
07:07:23 AM    141.81    141.14      0.67   1343.14     10.70
07:07:26 AM    132.00    132.00      0.00   1056.00      0.00
07:07:29 AM    137.00    136.33      0.67   1090.67     10.67
07:07:32 AM    113.00    113.00      0.00   1816.00      0.00
07:07:35 AM    152.84    152.17      0.67   1217.39      8.03
07:07:38 AM    124.00    124.00      0.00    992.00      0.00
07:07:41 AM    136.88    136.21      0.66   1100.33     10.63
07:07:44 AM    129.43    129.43      0.00   1035.45      0.00
07:07:47 AM    130.67    129.67      1.00   1048.00     10.67
07:07:50 AM    128.90    127.57      1.33   1031.23     10.63
07:07:53 AM    135.12    134.45      0.67   1075.59      8.03
07:07:56 AM    135.00    135.00      0.00   1080.00      0.00
07:07:59 AM    143.67    143.00      0.67   1149.33      8.00
07:08:02 AM    149.33    149.33      0.00   1194.67      0.00
07:08:05 AM    134.33    133.67      0.67   1069.33      8.00
07:08:08 AM    144.00    144.00      0.00   1152.00      0.00
07:08:11 AM    141.20    140.53      0.66   1124.25      7.97
07:08:14 AM    126.67    126.67      0.00   1021.33      0.00
07:08:17 AM    148.49    147.83      0.67   1182.61      8.03
07:08:20 AM    138.87    138.21      0.66   1105.65      5.32
07:08:23 AM    136.67    136.00      0.67   1090.67     13.33
07:08:26 AM    145.00    144.67      0.33   1160.00      2.67
07:08:29 AM    156.19    155.52      0.67   1244.15      8.03
07:08:32 AM    146.67    146.67      0.00   1184.00      0.00
07:08:35 AM    147.67    147.00      0.67   1176.00      8.00
07:08:38 AM    148.50    148.50      0.00   1196.01      0.00
07:08:41 AM    134.55    133.89      0.66   1071.10     10.63
07:08:44 AM    124.67    124.67      0.00   1008.00      0.00
07:08:47 AM    133.44    132.78      0.67   1062.21      8.03
07:08:50 AM    121.33    121.00      0.33    968.00      2.67
07:08:53 AM    138.21    137.54      0.66   1105.65      7.97
07:08:56 AM    139.80    138.80      1.00   1110.37      8.03
07:08:59 AM    122.33    121.67      0.67    973.33      8.00
07:09:02 AM    127.33    127.00      0.33   1026.67      2.67
Average:        69.68     55.42     14.26    495.80   2684.16
