Linux 4.2.2 (vm1_27) 	07/18/2017 	_x86_64_	(1 CPU)

06:43:21 AM       tps      rtps      wtps   bread/s   bwrtn/s
06:43:24 AM     23.33     23.33      0.00    458.67      0.00
06:43:27 AM      1.34      0.67      0.67    104.35     21.40
06:43:30 AM      0.33      0.00      0.33      0.00      2.68
06:43:33 AM      0.66      0.00      0.66      0.00     10.60
06:43:36 AM      0.00      0.00      0.00      0.00      0.00
06:43:39 AM      0.67      0.00      0.67      0.00      8.00
06:43:42 AM      0.00      0.00      0.00      0.00      0.00
06:43:45 AM      0.67      0.00      0.67      0.00      8.00
06:43:48 AM      0.00      0.00      0.00      0.00      0.00
06:43:51 AM      0.67      0.00      0.67      0.00      8.00
06:43:54 AM      0.67      0.33      0.33      2.67      2.67
06:43:57 AM      0.66      0.00      0.66      0.00     13.29
06:44:00 AM      3.00      0.33      2.67      2.67     21.33
06:44:03 AM      0.66      0.00      0.66      0.00     13.29
06:44:06 AM      0.00      0.00      0.00      0.00      0.00
06:44:09 AM      0.67      0.00      0.67      0.00      8.00
06:44:12 AM      0.00      0.00      0.00      0.00      0.00
06:44:15 AM      0.67      0.00      0.67      0.00      8.00
06:44:18 AM      0.00      0.00      0.00      0.00      0.00
06:44:21 AM      0.66      0.00      0.66      0.00      7.97
06:44:24 AM      0.00      0.00      0.00      0.00      0.00
06:44:27 AM      1.00      0.00      1.00      0.00     10.67
06:44:30 AM      0.00      0.00      0.00      0.00      0.00
06:44:33 AM      0.66      0.00      0.66      0.00     10.63
06:44:36 AM      1.33      0.00      1.33      0.00     10.63
06:44:39 AM      0.67      0.00      0.67      0.00      8.00
06:44:42 AM      0.00      0.00      0.00      0.00      0.00
06:44:45 AM      0.67      0.00      0.67      0.00      8.00
06:44:48 AM      0.00      0.00      0.00      0.00      0.00
06:44:51 AM      0.67      0.00      0.67      0.00      8.00
06:44:54 AM      0.00      0.00      0.00      0.00      0.00
06:44:57 AM      0.67      0.00      0.67      0.00      8.03
06:45:00 AM      0.33      0.00      0.33      0.00      2.66
06:45:03 AM      0.66      0.00      0.66      0.00      7.97
06:45:06 AM      0.00      0.00      0.00      0.00      0.00
06:45:09 AM      0.67      0.00      0.67      0.00      8.00
06:45:12 AM      0.33      0.00      0.33      0.00      2.66
06:45:15 AM      0.67      0.00      0.67      0.00      8.03
06:45:18 AM      0.00      0.00      0.00      0.00      0.00
06:45:21 AM      0.66      0.00      0.66      0.00      7.97
06:45:24 AM      0.00      0.00      0.00      0.00      0.00
06:45:27 AM      0.66      0.00      0.66      0.00      7.97
06:45:30 AM      0.00      0.00      0.00      0.00      0.00
06:45:33 AM      0.67      0.00      0.67      0.00     10.67
06:45:36 AM      0.33      0.00      0.33      0.00      2.68
06:45:39 AM      0.67      0.00      0.67      0.00      8.00
06:45:42 AM      0.00      0.00      0.00      0.00      0.00
06:45:45 AM      1.00      0.00      1.00      0.00     10.70
06:45:48 AM      0.00      0.00      0.00      0.00      0.00
06:45:51 AM      1.00      0.00      1.00      0.00     10.63
06:45:54 AM      0.00      0.00      0.00      0.00      0.00
06:45:57 AM      0.67      0.00      0.67      0.00      8.03
06:46:00 AM      0.00      0.00      0.00      0.00      0.00
06:46:03 AM      0.66      0.00      0.66      0.00      7.97
06:46:06 AM      0.00      0.00      0.00      0.00      0.00
06:46:09 AM      0.66      0.00      0.66      0.00      7.97
06:46:12 AM      0.33      0.00      0.33      0.00      2.67
06:46:15 AM      0.66      0.00      0.66      0.00      7.97
06:46:18 AM      0.00      0.00      0.00      0.00      0.00
06:46:21 AM      1.00      0.00      1.00      0.00     10.70
06:46:24 AM    421.60     35.49    386.11   2143.21  73661.73
06:46:32 AM    308.88    278.06     30.82   2960.97   5877.79
06:46:35 AM    324.66    313.70     10.96   2936.99   2575.34
06:46:38 AM    407.02    386.96     20.07   3373.91   4794.65
06:46:41 AM    320.93    311.63      9.30   2567.44   1833.89
06:46:44 AM    277.59    268.90      8.70   2236.79   2012.04
06:46:47 AM    274.00    230.67     43.33   1992.00  10685.33
06:46:50 AM    274.33    274.00      0.33   2293.33      5.33
06:46:53 AM    385.05    384.72      0.33   3266.45      2.66
06:46:56 AM    550.84    537.46     13.38   4556.52   2523.08
06:46:59 AM    383.44    352.87     30.57   4122.29   7296.82
06:47:02 AM    319.33    319.00      0.33   2842.67      5.33
06:47:05 AM    285.95    276.92      9.03   2413.38   1238.80
06:47:08 AM    258.00    245.67     12.33   2144.00   2210.67
06:47:11 AM    341.47    291.64     49.83   3347.16  11657.53
06:47:14 AM    244.00    243.67      0.33   2152.00      5.33
06:47:17 AM    300.67    300.33      0.33   2610.67      2.67
06:47:20 AM    251.16    250.17      1.00   2317.61    132.89
06:47:23 AM    309.03    293.98     15.05   2967.22   2787.96
06:47:26 AM    345.65    315.84     29.81   3719.25   6074.53
06:47:29 AM    159.15    153.17      5.99   1349.30   1357.75
06:47:32 AM    181.00    181.00      0.00   1789.33      0.00
06:47:35 AM    147.00    146.33      0.67   1232.00     10.67
06:47:38 AM    157.67    153.67      4.00   1288.00    648.00
06:47:41 AM    155.00    150.00      5.00   1296.00    813.33
06:47:44 AM    136.67    132.33      4.33   1104.00    568.00
06:47:47 AM    121.59    115.61      5.98    956.81    807.97
06:47:50 AM    131.67    127.00      4.67   1181.33    650.67
06:47:53 AM    139.00    130.00      9.00   1138.67   1005.33
06:47:56 AM    131.77    113.71     18.06    963.21   3010.03
06:47:59 AM    110.30    109.97      0.33    927.57      0.00
06:48:02 AM    101.34    100.67      0.67    976.59     10.70
06:48:05 AM    112.96    106.64      6.31    938.21   1049.83
06:48:08 AM    134.67    118.33     16.33   1013.33   2962.67
06:48:11 AM    105.33    105.33      0.00    866.67      0.00
06:48:14 AM     97.32     96.66      0.67    805.35      8.03
06:48:17 AM     96.00     95.00      1.00    784.00      8.00
06:48:20 AM     95.67     92.67      3.00    760.00    440.00
06:48:23 AM    102.66     96.35      6.31    903.65    887.71
06:48:26 AM    138.74    100.99     37.75   1766.89   7841.06
06:48:29 AM     94.02     92.36      1.66    932.89    422.59
06:48:32 AM    105.02    104.68      0.33   1096.99     10.70
06:48:35 AM     98.67     98.34      0.33    797.34      0.00
06:48:38 AM     89.33     89.00      0.33    712.00      8.00
06:48:41 AM     98.33     96.99      1.34    775.92      8.03
06:48:44 AM     92.33     92.00      0.33    738.67      8.00
06:48:47 AM     88.04     87.38      0.66    714.95      2.66
06:48:50 AM     98.00     97.00      1.00    781.33     10.67
06:48:53 AM     82.00     81.67      0.33    666.67     10.67
06:48:56 AM     91.03     84.39      6.64    677.74    999.34
Average:        95.31     87.06      8.25    826.75   1562.62
