Linux 4.2.2 (vm1_27) 	07/18/2017 	_x86_64_	(1 CPU)

06:29:52 AM       tps      rtps      wtps   bread/s   bwrtn/s
06:29:55 AM     11.74     11.74      0.00    260.40      0.00
06:29:58 AM      0.99      0.00      0.99      0.00     23.84
06:30:01 AM      0.00      0.00      0.00      0.00      0.00
06:30:04 AM     36.54     35.88      0.66    643.19     10.63
06:30:07 AM      8.33      7.00      1.33    304.00     21.33
06:30:10 AM      0.00      0.00      0.00      0.00      0.00
06:30:13 AM      0.66      0.00      0.66      0.00     10.63
06:30:16 AM      0.00      0.00      0.00      0.00      0.00
06:30:19 AM      0.33      0.00      0.33      0.00      5.33
06:30:22 AM      0.33      0.00      0.33      0.00      2.67
06:30:25 AM      0.33      0.00      0.33      0.00      8.03
06:30:28 AM      0.99      0.00      0.99      0.00      7.95
06:30:31 AM      0.33      0.00      0.33      0.00     16.00
06:30:34 AM      2.99      0.00      2.99      0.00     31.89
06:30:37 AM      1.33      0.00      1.33      0.00     13.33
06:30:40 AM      0.00      0.00      0.00      0.00      0.00
06:30:43 AM      0.33      0.00      0.33      0.00      5.32
06:30:46 AM      0.33      0.00      0.33      0.00      2.67
06:30:49 AM      0.33      0.00      0.33      0.00      5.33
06:30:52 AM      0.33      0.00      0.33      0.00      2.66
06:30:55 AM      0.33      0.00      0.33      0.00      5.33
06:30:58 AM      0.33      0.00      0.33      0.00      2.67
06:31:01 AM      0.33      0.00      0.33      0.00      5.33
06:31:04 AM      1.00      0.00      1.00      0.00      8.00
06:31:07 AM      0.33      0.00      0.33      0.00      5.32
06:31:10 AM      0.33      0.00      0.33      0.00      2.67
06:31:13 AM      0.33      0.00      0.33      0.00      5.33
06:31:16 AM      0.33      0.00      0.33      0.00      2.66
06:31:19 AM      0.33      0.00      0.33      0.00      5.32
06:31:22 AM      0.33      0.00      0.33      0.00      2.68
06:31:25 AM      0.33      0.00      0.33      0.00      8.00
06:31:28 AM      0.33      0.00      0.33      0.00      2.67
06:31:31 AM      0.33      0.00      0.33      0.00      5.33
06:31:34 AM      0.33      0.00      0.33      0.00      2.66
06:31:37 AM      1.33      0.00      1.33      0.00     13.29
06:31:40 AM      0.00      0.00      0.00      0.00      0.00
06:31:43 AM      0.33      0.00      0.33      0.00      5.32
06:31:46 AM      0.33      0.00      0.33      0.00      2.68
06:31:49 AM      0.33      0.00      0.33      0.00      5.33
06:31:52 AM      0.33      0.00      0.33      0.00      2.66
06:31:55 AM      0.33      0.00      0.33      0.00      5.32
06:31:58 AM      0.67      0.00      0.67      0.00      5.33
06:32:01 AM      0.33      0.00      0.33      0.00      5.33
06:32:04 AM      0.33      0.00      0.33      0.00      2.68
06:32:07 AM      0.33      0.00      0.33      0.00      5.32
06:32:10 AM      0.33      0.00      0.33      0.00      2.67
06:32:13 AM      1.00      0.00      1.00      0.00     10.67
06:32:16 AM      0.33      0.00      0.33      0.00      2.66
06:32:19 AM      0.66      0.00      0.66      0.00     10.63
06:32:22 AM      0.00      0.00      0.00      0.00      0.00
06:32:25 AM      0.33      0.00      0.33      0.00      7.97
06:32:28 AM      0.33      0.00      0.33      0.00      2.67
06:32:31 AM      0.33      0.00      0.33      0.00      5.32
06:32:34 AM      0.33      0.00      0.33      0.00      2.67
06:32:37 AM      0.33      0.00      0.33      0.00      5.33
06:32:40 AM      0.33      0.00      0.33      0.00      2.66
06:32:43 AM      0.33      0.00      0.33      0.00      5.35
06:32:46 AM      0.66      0.00      0.66      0.00      5.32
06:32:49 AM      1.00      0.00      1.00      0.00     10.67
06:32:52 AM      0.00      0.00      0.00      0.00      0.00
06:32:55 AM      0.67      0.00      0.67      0.00      8.00
06:33:00 AM    335.53    136.45    199.08   2508.42  38797.89
06:33:06 AM    511.99    511.64      0.34   5150.68      0.00
06:33:09 AM    617.01    567.01     50.00   5850.34  12508.84
06:33:12 AM   1226.58   1192.69     33.89  11617.28   8159.47
06:33:15 AM    934.50    876.68     57.83   9382.75  14080.51
06:33:18 AM    404.86    404.86      0.00   4388.89      0.00
06:33:21 AM    289.00    283.00      6.00   2720.00   1077.33
06:33:24 AM    230.00    221.00      9.00   2234.67   1848.00
06:33:27 AM    151.84    144.82      7.02   1535.79   1289.63
06:33:30 AM    153.82    148.17      5.65   1469.77   1273.09
06:33:33 AM    139.13    134.11      5.02   1345.82    890.97
06:33:36 AM    159.47    140.53     18.94   1469.77   4287.04
06:33:39 AM    162.21    160.87      1.34   1573.24     18.73
06:33:42 AM    175.75    175.75      0.00   1770.10      0.00
06:33:45 AM    228.00    185.33     42.67   2120.00  10328.00
06:33:48 AM    157.00    157.00      0.00   1485.33      0.00
06:33:51 AM    144.82    144.15      0.67   1335.12      8.03
06:33:54 AM    184.39    184.39      0.00   1698.34      0.00
06:33:57 AM    164.33    162.67      1.67   1498.67     16.00
06:34:00 AM    183.33    183.33      0.00   2560.00      0.00
06:34:03 AM    120.33    116.00      4.33   1258.67    848.00
06:34:06 AM    171.33    163.33      8.00   1600.00   1621.33
06:34:09 AM    166.33    159.67      6.67   1429.33   1109.33
06:34:12 AM    144.33    138.67      5.67   1365.33   1154.67
06:34:15 AM    140.67    132.00      8.67   1189.33   1141.33
06:34:18 AM    158.67    153.00      5.67   1464.00    653.33
06:34:21 AM    113.95    105.65      8.31    970.10    781.40
06:34:24 AM    141.33    131.00     10.33   1341.33   1304.00
06:34:27 AM     99.67     91.33      8.33   1008.00    808.00
06:34:30 AM     94.98     90.64      4.35    789.30    326.42
06:34:33 AM     99.67     97.68      1.99    858.28    272.85
06:34:36 AM    113.33    107.33      6.00    944.00    826.67
06:34:39 AM     94.33     93.67      0.67    808.00      8.00
06:34:42 AM    125.33    116.00      9.33   1082.67   1354.67
06:34:45 AM    121.74    109.70     12.04   1046.15   2359.87
06:34:48 AM    114.95    114.62      0.33    948.84      2.66
06:34:51 AM    113.33    112.67      0.67    949.33      8.00
06:34:54 AM    154.33    143.33     11.00   1389.33   2333.33
06:34:57 AM    137.46    136.79      0.67   1161.20      8.03
06:35:00 AM    155.15    144.85     10.30   2062.46   1828.57
06:35:03 AM    147.67    118.33     29.33   1224.00   7053.33
06:35:06 AM    184.00    184.00      0.00   1600.00      0.00
06:35:09 AM    159.00    158.33      0.67   1296.00      8.00
06:35:12 AM    157.33    157.33      0.00   1301.33      0.00
06:35:15 AM    156.81    156.15      0.66   1270.43      7.97
06:35:18 AM    157.19    153.85      3.34   1252.17    519.06
06:35:21 AM    161.67    156.67      5.00   1290.67    824.00
06:35:24 AM    154.00    149.00      5.00   1242.67    962.67
06:35:27 AM    119.67    109.33     10.33   1152.00   1917.33
Average:        99.81     91.27      8.54    933.16   1657.45
