Linux 4.2.2 (vm1_27) 	07/18/2017 	_x86_64_	(1 CPU)

06:36:38 AM       tps      rtps      wtps   bread/s   bwrtn/s
06:36:41 AM     23.49     23.49      0.00    381.21      0.00
06:36:44 AM      1.00      0.00      1.00      0.00     23.92
06:36:47 AM      0.00      0.00      0.00      0.00      0.00
06:36:50 AM      1.00      0.00      1.00      0.00     10.70
06:36:53 AM      0.00      0.00      0.00      0.00      0.00
06:36:56 AM      0.66      0.00      0.66      0.00      7.97
06:36:59 AM      0.00      0.00      0.00      0.00      0.00
06:37:02 AM      0.66      0.00      0.66      0.00      7.97
06:37:05 AM      0.00      0.00      0.00      0.00      0.00
06:37:08 AM      0.67      0.00      0.67      0.00      8.00
06:37:11 AM      0.00      0.00      0.00      0.00      0.00
06:37:14 AM      2.01      0.67      1.34      5.35     24.08
06:37:17 AM      0.00      0.00      0.00      0.00      0.00
06:37:20 AM      4.67      1.67      3.00    208.00     32.00
06:37:23 AM      0.33      0.33      0.00      2.66      0.00
06:37:26 AM      0.67      0.00      0.67      0.00     10.67
06:37:29 AM      0.00      0.00      0.00      0.00      0.00
06:37:32 AM      0.66      0.00      0.66      0.00     10.63
06:37:35 AM      0.00      0.00      0.00      0.00      0.00
06:37:38 AM      0.33      0.00      0.33      0.00      7.97
06:37:41 AM      0.33      0.00      0.33      0.00      0.00
06:37:44 AM      0.67      0.00      0.67      0.00      8.00
06:37:47 AM      0.00      0.00      0.00      0.00      0.00
06:37:50 AM      1.33      0.00      1.33      0.00     13.33
06:37:53 AM      0.33      0.00      0.33      0.00      2.67
06:37:56 AM      0.66      0.00      0.66      0.00      7.97
06:37:59 AM      0.00      0.00      0.00      0.00      0.00
06:38:02 AM      0.66      0.00      0.66      0.00      7.97
06:38:05 AM      0.00      0.00      0.00      0.00      0.00
06:38:08 AM      0.66      0.00      0.66      0.00      7.97
06:38:11 AM      0.00      0.00      0.00      0.00      0.00
06:38:14 AM      0.67      0.00      0.67      0.00      8.03
06:38:17 AM      0.00      0.00      0.00      0.00      0.00
06:38:20 AM      0.66      0.00      0.66      0.00      7.97
06:38:23 AM      0.67      0.00      0.67      0.00      5.33
06:38:26 AM      0.66      0.00      0.66      0.00     10.63
06:38:29 AM      0.33      0.00      0.33      0.00      2.67
06:38:32 AM      0.67      0.00      0.67      0.00      8.00
06:38:35 AM      0.00      0.00      0.00      0.00      0.00
06:38:38 AM      0.66      0.00      0.66      0.00      7.97
06:38:41 AM      0.00      0.00      0.00      0.00      0.00
06:38:44 AM      0.66      0.00      0.66      0.00      7.97
06:38:47 AM      0.00      0.00      0.00      0.00      0.00
06:38:50 AM      0.67      0.00      0.67      0.00      8.00
06:38:53 AM      0.00      0.00      0.00      0.00      0.00
06:38:56 AM      0.66      0.00      0.66      0.00      7.97
06:38:59 AM      0.67      0.00      0.67      0.00      5.33
06:39:02 AM      0.33      0.00      0.33      0.00      5.35
06:39:05 AM      0.33      0.00      0.33      0.00      2.66
06:39:08 AM      0.67      0.00      0.67      0.00      8.00
06:39:11 AM      0.00      0.00      0.00      0.00      0.00
06:39:14 AM      0.67      0.00      0.67      0.00      8.00
06:39:17 AM      0.00      0.00      0.00      0.00      0.00
06:39:20 AM      0.67      0.00      0.67      0.00      8.03
06:39:23 AM      0.00      0.00      0.00      0.00      0.00
06:39:26 AM      0.67      0.00      0.67      0.00      8.00
06:39:29 AM      0.00      0.00      0.00      0.00      0.00
06:39:32 AM      0.67      0.00      0.67      0.00     10.67
06:39:35 AM      0.67      0.00      0.67      0.00      5.33
06:39:38 AM      0.67      0.00      0.67      0.00      8.00
06:39:41 AM      0.00      0.00      0.00      0.00      0.00
06:39:46 AM    434.49    201.74    232.75   2836.71  46515.19
06:39:49 AM    687.58    686.93      0.65   6326.80     10.46
06:39:52 AM    497.64    485.14     12.50   4516.22   2932.43
06:39:55 AM    328.24    314.95     13.29   3091.03   2963.46
06:39:58 AM    275.33    267.33      8.00   2192.00   1674.67
06:40:01 AM    218.06    209.36      8.70   1728.43   1819.40
06:40:04 AM    177.74    129.90     47.84   1679.73  11864.45
06:40:07 AM    141.81    141.47      0.33   1468.90      5.35
06:40:10 AM    139.33    139.00      0.33   1328.00      2.67
06:40:13 AM    164.90    164.57      0.33   1449.01      5.30
06:40:16 AM    161.54    160.87      0.67   1369.90      5.35
06:40:19 AM    150.33    150.00      0.33   1512.00      8.00
06:40:22 AM    171.00    149.00     22.00   1853.33   5544.00
06:40:25 AM     96.33     94.67      1.67    872.00     21.33
06:40:28 AM     97.67     97.67      0.00   1109.33      0.00
06:40:31 AM    138.00    137.33      0.67   1157.33     18.67
06:40:34 AM     93.00     92.67      0.33    821.33      5.33
06:40:37 AM    116.33    116.00      0.33   1000.00      2.67
06:40:40 AM    149.83    147.84      1.99   1273.09    348.17
06:40:43 AM    170.67    157.67     13.00   2304.00   2642.67
06:40:46 AM    130.77    130.43      0.33   1131.77      5.35
06:40:49 AM    111.33    110.67      0.67    944.00      5.33
06:40:52 AM    167.44    160.13      7.31   1461.79   1110.96
06:40:55 AM    272.00    247.00     25.00   2320.00   4474.67
06:40:58 AM    236.45    236.12      0.33   2202.01      5.35
06:41:01 AM    223.59    218.27      5.32   1863.12    882.39
06:41:04 AM    229.33    218.67     10.67   2024.00   1874.67
06:41:07 AM    215.67    203.67     12.00   1784.00   1730.67
06:41:10 AM    164.33    159.67      4.67   1466.67    930.67
06:41:13 AM    185.28    175.25     10.03   1608.03   1934.45
06:41:16 AM    190.33    185.00      5.33   1664.00    869.33
06:41:19 AM    200.67    183.67     17.00   2285.33   3482.67
06:41:22 AM    185.05    183.06      1.99   1607.97    342.86
06:41:25 AM    207.33    194.00     13.33   1821.33   2592.00
06:41:28 AM    238.21    231.56      6.64   2322.92   1169.44
06:41:31 AM    209.33    197.00     12.33   1824.00   1672.00
06:41:34 AM    164.67    151.67     13.00   1469.33   2397.33
06:41:37 AM    138.67    138.33      0.33   1213.33      2.67
06:41:40 AM    135.67    116.33     19.33   1112.00   3512.00
06:41:43 AM    155.67    155.33      0.33   2200.00      0.00
06:41:46 AM    121.33    121.00      0.33   1045.33      8.00
06:41:49 AM    140.67    135.67      5.00   1208.00    752.00
06:41:52 AM    125.00    119.33      5.67   1008.00    784.00
06:41:55 AM    124.00    118.67      5.33   1029.33    808.00
06:41:58 AM    113.67    109.00      4.67    909.33    698.67
06:42:01 AM    122.67    115.67      7.00    965.33    898.67
06:42:04 AM     96.67     91.33      5.33    906.67    634.67
06:42:07 AM    112.00     95.33     16.67   1120.00   3469.33
06:42:10 AM     97.67     97.01      0.66    802.66     10.63
Average:        85.10     77.27      7.83    757.28   1493.33
