Linux 4.2.2 (vm1_27) 	07/18/2017 	_x86_64_	(1 CPU)

09:01:52 AM       tps      rtps      wtps   bread/s   bwrtn/s
09:01:55 AM      0.00      0.00      0.00      0.00      0.00
09:01:58 AM      0.67      0.00      0.67      0.00     21.33
09:02:01 AM      0.33      0.33      0.00      2.67      0.00
09:02:04 AM      1.00      0.00      1.00      0.00     13.33
09:02:07 AM      0.00      0.00      0.00      0.00      0.00
09:02:10 AM      0.67      0.00      0.67      0.00      8.00
09:02:13 AM      0.00      0.00      0.00      0.00      0.00
09:02:16 AM      0.67      0.00      0.67      0.00      8.03
09:02:19 AM      0.00      0.00      0.00      0.00      0.00
09:02:22 AM      0.67      0.00      0.67      0.00      8.00
09:02:25 AM      2.00      2.00      0.00    210.67      0.00
09:02:28 AM      2.00      0.67      1.33      5.33     26.67
09:02:31 AM      0.00      0.00      0.00      0.00      0.00
09:02:34 AM      3.32      0.00      3.32      0.00     31.89
09:02:37 AM      0.00      0.00      0.00      0.00      0.00
09:02:40 AM      0.66      0.00      0.66      0.00      7.97
09:02:43 AM      0.00      0.00      0.00      0.00      0.00
09:02:46 AM      0.67      0.00      0.67      0.00      8.03
09:02:49 AM      0.00      0.00      0.00      0.00      0.00
09:02:52 AM      0.67      0.00      0.67      0.00      8.00
09:02:55 AM      0.00      0.00      0.00      0.00      0.00
09:02:58 AM      0.67      0.00      0.67      0.00      8.00
09:03:01 AM      0.00      0.00      0.00      0.00      0.00
09:03:04 AM      1.33      0.00      1.33      0.00     15.95
09:03:07 AM      0.00      0.00      0.00      0.00      0.00
09:03:10 AM      0.67      0.00      0.67      0.00      8.03
09:03:13 AM      0.00      0.00      0.00      0.00      0.00
09:03:16 AM      0.66      0.00      0.66      0.00      7.97
09:03:19 AM      0.00      0.00      0.00      0.00      0.00
09:03:22 AM      0.67      0.00      0.67      0.00      8.03
09:03:25 AM      0.00      0.00      0.00      0.00      0.00
09:03:28 AM      0.66      0.00      0.66      0.00      7.97
09:03:31 AM      0.00      0.00      0.00      0.00      0.00
09:03:34 AM      0.67      0.00      0.67      0.00      8.00
09:03:37 AM      1.00      0.00      1.00      0.00      8.00
09:03:40 AM      0.67      0.00      0.67      0.00      8.00
09:03:43 AM      0.00      0.00      0.00      0.00      0.00
09:03:46 AM      0.66      0.00      0.66      0.00      7.97
09:03:49 AM      0.00      0.00      0.00      0.00      0.00
09:03:52 AM      0.67      0.00      0.67      0.00      8.00
09:03:55 AM      0.00      0.00      0.00      0.00      0.00
09:03:58 AM      0.66      0.00      0.66      0.00      7.97
09:04:01 AM      0.00      0.00      0.00      0.00      0.00
09:04:04 AM      0.66      0.00      0.66      0.00     10.63
09:04:07 AM      0.33      0.00      0.33      0.00      2.67
09:04:10 AM      0.67      0.00      0.67      0.00      8.00
09:04:13 AM      0.33      0.00      0.33      0.00      2.66
09:04:16 AM      0.67      0.00      0.67      0.00      8.03
09:04:19 AM      0.00      0.00      0.00      0.00      0.00
09:04:22 AM      0.67      0.00      0.67      0.00      8.00
09:04:25 AM      0.00      0.00      0.00      0.00      0.00
09:04:28 AM      0.67      0.00      0.67      0.00      8.03
09:04:31 AM      0.00      0.00      0.00      0.00      0.00
09:04:34 AM      1.00      0.00      1.00      0.00     10.63
09:04:37 AM      0.00      0.00      0.00      0.00      0.00
09:04:40 AM      0.67      0.00      0.67      0.00      8.00
09:04:43 AM      0.33      0.00      0.33      0.00      2.67
09:04:46 AM      0.66      0.00      0.66      0.00      7.97
09:04:49 AM      0.33      0.00      0.33      0.00      2.68
09:04:52 AM      0.66      0.00      0.66      0.00      7.97
09:04:56 AM    230.03     38.53    191.49   1357.73  40377.32
09:05:02 AM    311.67    157.67    154.00   2053.33  35032.00
09:05:05 AM    212.00    211.67      0.33   2090.67      2.67
09:05:08 AM    297.67    297.34      0.33   2583.39      5.32
09:05:11 AM    289.63    289.30      0.33   2515.05      2.68
09:05:14 AM    293.69    293.36      0.33   2482.39      5.32
09:05:17 AM    344.33    344.00      0.33   3069.33      2.67
09:05:20 AM    329.77    329.43      0.33   2828.09      5.35
09:05:23 AM    396.35    396.01      0.33   3428.57      2.66
09:05:26 AM    407.33    407.00      0.33   3690.67      5.33
09:05:29 AM    388.00    387.33      0.67   3482.67      5.33
09:05:32 AM    316.67    315.67      1.00   2858.67     16.00
09:05:35 AM    309.67    309.33      0.33   2621.33      2.67
09:05:38 AM    379.67    378.33      1.33   3266.67     13.33
09:05:41 AM    344.19    343.85      0.33   3114.95      2.66
09:05:44 AM    315.38    315.05      0.33   2884.28      5.35
09:05:47 AM    367.11    360.80      6.31   3202.66   1352.82
09:05:50 AM    415.00    402.00     13.00   3696.00   2536.00
09:05:53 AM    148.67    117.33     31.33   1069.33   7610.67
09:05:56 AM    157.86    157.53      0.33   1602.68      5.35
09:05:59 AM    140.00    139.67      0.33   1962.67      2.67
09:06:02 AM    160.33    159.67      0.67   1485.33     10.67
09:06:05 AM    145.33    145.00      0.33   1402.67      2.67
09:06:08 AM    121.00    115.00      6.00   1120.00    944.00
09:06:11 AM    112.33    109.00      3.33   1010.67    709.33
09:06:14 AM    121.00    116.00      5.00   1128.00   1053.33
09:06:17 AM    124.00    117.67      6.33   1154.67   1200.00
09:06:20 AM    131.56    125.25      6.31   1307.64   1100.33
09:06:23 AM    130.10    128.76      1.34   1348.49    171.24
09:06:26 AM    128.33    128.00      0.33   1216.00      5.33
09:06:29 AM    180.00    143.00     37.00   1794.67   9234.67
09:06:32 AM    130.56    130.23      0.33   1203.99      5.32
09:06:35 AM    125.67    125.33      0.33   1133.33      2.67
09:06:38 AM    129.00    128.00      1.00   1176.00     10.67
09:06:41 AM    141.33    141.00      0.33   1245.33      2.67
09:06:44 AM    143.00    142.33      0.67   1256.00      8.00
09:06:47 AM    112.33    112.00      0.33    962.67      2.67
09:06:50 AM    130.67    129.67      1.00   1109.33    112.00
09:06:53 AM    138.67    120.67     18.00   1133.33   3976.00
09:06:56 AM    100.33    100.00      0.33    906.67      5.33
09:06:59 AM    120.00    119.67      0.33   1885.33      2.67
09:07:02 AM     99.67     97.33      2.33    944.00    360.00
09:07:05 AM    144.33     95.67     48.67    912.00  12029.33
09:07:08 AM    105.67    105.33      0.33    906.67      5.33
09:07:11 AM     85.33     85.00      0.33    744.00      2.67
09:07:14 AM    111.67    110.67      1.00    930.67     16.00
09:07:17 AM    106.67    106.00      0.67   1032.00      5.33
09:07:20 AM    112.67    112.00      0.67    936.00     10.67
09:07:23 AM    130.33    130.00      0.33   1349.33      2.67
09:07:26 AM    162.33    161.33      1.00   1370.67     16.00
Average:        92.90     85.04      7.86    818.93   1631.63
