Linux 4.2.2 (vm1_27) 	07/18/2017 	_x86_64_	(1 CPU)

08:48:32 AM       tps      rtps      wtps   bread/s   bwrtn/s
08:48:35 AM     25.75     25.08      0.67    529.77     21.40
08:48:38 AM      0.33      0.00      0.33      0.00      2.66
08:48:41 AM      0.33      0.00      0.33      0.00     18.67
08:48:44 AM      0.33      0.00      0.33      0.00      0.00
08:48:47 AM      0.33      0.00      0.33      0.00      7.97
08:48:50 AM      0.67      0.00      0.67      0.00      2.67
08:48:53 AM      0.33      0.00      0.33      0.00      5.33
08:48:56 AM      0.33      0.00      0.33      0.00      2.67
08:48:59 AM      0.67      0.00      0.67      0.00     10.67
08:49:02 AM      0.00      0.00      0.00      0.00      0.00
08:49:05 AM      0.67      0.00      0.67      0.00     16.00
08:49:08 AM      0.67      0.00      0.67      0.00      2.67
08:49:11 AM      0.33      0.00      0.33      0.00     13.29
08:49:14 AM      2.67      0.00      2.67      0.00     21.33
08:49:17 AM      0.33      0.00      0.33      0.00      8.00
08:49:20 AM      0.33      0.00      0.33      0.00      0.00
08:49:23 AM      0.33      0.00      0.33      0.00      8.00
08:49:26 AM      0.33      0.00      0.33      0.00      0.00
08:49:29 AM      0.67      0.00      0.67      0.00      8.00
08:49:32 AM      0.00      0.00      0.00      0.00      0.00
08:49:35 AM      0.33      0.00      0.33      0.00      8.00
08:49:38 AM      0.67      0.00      0.67      0.00      2.67
08:49:41 AM      0.66      0.00      0.66      0.00      7.95
08:49:44 AM      0.33      0.00      0.33      0.00      2.67
08:49:47 AM      0.67      0.00      0.67      0.00      8.03
08:49:50 AM      0.00      0.00      0.00      0.00      0.00
08:49:53 AM      0.33      0.00      0.33      0.00      8.03
08:49:56 AM      0.33      0.00      0.33      0.00      0.00
08:49:59 AM      0.66      0.00      0.66      0.00     10.63
08:50:02 AM      5.67      5.67      0.00    277.33      0.00
08:50:05 AM     34.67     33.67      1.00    642.67     13.33
08:50:08 AM      4.98      3.99      1.00     31.89     26.58
08:50:11 AM      0.00      0.00      0.00      0.00      0.00
08:50:14 AM      1.00      0.00      1.00      0.00     13.29
08:50:17 AM      0.67      0.00      0.67      0.00      8.00
08:50:20 AM      0.33      0.00      0.33      0.00      2.68
08:50:23 AM      0.66      0.00      0.66      0.00      7.97
08:50:26 AM      0.00      0.00      0.00      0.00      0.00
08:50:29 AM      0.67      0.00      0.67      0.00      8.03
08:50:32 AM      0.00      0.00      0.00      0.00      0.00
08:50:35 AM      0.33      0.00      0.33      0.00      8.03
08:50:38 AM      2.33      0.00      2.33      0.00     21.26
08:50:41 AM      0.33      0.00      0.33      0.00      5.33
08:50:44 AM      0.33      0.00      0.33      0.00      2.68
08:50:47 AM      0.33      0.00      0.33      0.00      7.97
08:50:50 AM      0.67      0.00      0.67      0.00      2.67
08:50:53 AM      0.67      0.00      0.67      0.00     10.70
08:50:56 AM      0.33      0.00      0.33      0.00      0.00
08:50:59 AM      0.67      0.00      0.67      0.00     10.67
08:51:02 AM      0.00      0.00      0.00      0.00      0.00
08:51:05 AM      0.67      0.00      0.67      0.00      8.03
08:51:08 AM      0.00      0.00      0.00      0.00      0.00
08:51:11 AM      0.33      0.00      0.33      0.00      8.00
08:51:14 AM      0.33      0.00      0.33      0.00      0.00
08:51:17 AM      0.67      0.00      0.67      0.00      8.00
08:51:20 AM      0.00      0.00      0.00      0.00      0.00
08:51:23 AM      1.00      0.00      1.00      0.00     10.63
08:51:26 AM      0.00      0.00      0.00      0.00      0.00
08:51:29 AM      1.00      0.00      1.00      0.00     10.63
08:51:32 AM      0.00      0.00      0.00      0.00      0.00
08:51:35 AM      0.67      0.00      0.67      0.00     10.67
08:51:54 AM    241.23     28.72    212.51    746.67  46519.79
08:51:57 AM     82.21     81.82      0.40   1169.96      3.16
08:52:00 AM    101.34    100.67      0.67   1054.18     10.70
08:52:03 AM     86.00     86.00      0.00    829.33      0.00
08:52:06 AM    121.00    120.33      0.67   1053.33      8.00
08:52:09 AM    119.73    119.73      0.00    957.86      0.00
08:52:12 AM    124.25    123.26      1.00    986.05     10.63
08:52:15 AM    118.00    118.00      0.00    954.67      0.00
08:52:18 AM    114.00    113.33      0.67    906.67      8.00
08:52:21 AM    127.33    127.33      0.00   1018.67      0.00
08:52:24 AM    107.67    107.00      0.67   1088.00     10.67
08:52:27 AM    115.05    115.05      0.00    920.40      0.00
08:52:30 AM    124.92    124.25      0.66    994.02     10.63
08:52:33 AM    125.00    124.00      1.00    992.00      8.00
08:52:36 AM    125.08    124.41      0.67    995.32     13.38
08:52:39 AM    114.72    114.72      0.00   1412.71      0.00
08:52:42 AM     91.67     91.00      0.67   1213.33      8.00
08:52:45 AM    117.06    117.06      0.00    936.45      0.00
08:52:48 AM    120.33    119.33      1.00    954.67     10.67
08:52:51 AM    114.29    114.29      0.00    914.29      0.00
08:52:54 AM    123.75    123.08      0.67    984.62      8.03
08:52:57 AM    115.33    115.33      0.00    922.67      0.00
08:53:00 AM    118.67    118.00      0.67    954.67     10.67
08:53:03 AM    121.59    121.59      0.00    972.76      0.00
08:53:06 AM    128.43    127.76      0.67   1022.07      8.03
08:53:09 AM    118.00    116.67      1.33    944.00     10.67
08:53:12 AM    134.33    133.67      0.67   1069.33      8.00
08:53:15 AM    118.33    118.33      0.00    957.33      0.00
08:53:18 AM    116.00    115.33      0.67    922.67      8.00
08:53:21 AM    120.27    120.27      0.00    962.13      0.00
08:53:24 AM    128.00    127.00      1.00   1021.33     10.67
08:53:27 AM    125.00    125.00      0.00   1000.00      0.00
08:53:30 AM    130.43    129.77      0.67   1038.13      8.03
08:53:33 AM    132.56    132.56      0.00   1060.47      0.00
08:53:36 AM    120.40    119.73      0.67    957.86      8.03
08:53:39 AM    117.94    117.94      0.00    943.52      0.00
08:53:42 AM    116.33    115.33      1.00    922.67     10.67
08:53:45 AM    125.42    125.42      0.00   1003.34      0.00
08:53:48 AM    125.58    124.92      0.66    999.34      7.97
08:53:51 AM    117.67    117.67      0.00    941.33      0.00
08:53:54 AM    112.67    112.00      0.67    906.67      8.00
08:53:57 AM    119.33    118.67      0.67    949.33      5.33
08:54:00 AM    118.06    117.39      0.67    939.13     16.05
08:54:03 AM    113.95    113.95      0.00    922.26      0.00
08:54:06 AM    121.74    121.07      0.67    968.56      8.03
08:54:09 AM    113.00    113.00      0.00    906.67      0.00
08:54:12 AM    111.30    110.63      0.66    885.05      7.97
08:54:15 AM    100.33    100.33      0.00    802.67      0.00
08:54:18 AM    129.10    128.09      1.00   1024.75     10.70
Average:        63.25     50.83     12.42    462.87   2627.11
