Linux 4.2.2 (vm1_27) 	07/18/2017 	_x86_64_	(1 CPU)

09:35:11 AM       tps      rtps      wtps   bread/s   bwrtn/s
09:35:14 AM     28.33     28.33      0.00    608.00      0.00
09:35:17 AM      0.66      0.00      0.66      0.00     21.26
09:35:20 AM      2.01      0.00      2.01      0.00     16.05
09:35:23 AM      0.66      0.00      0.66      0.00      7.97
09:35:26 AM      0.33      0.00      0.33      0.00      2.67
09:35:29 AM      0.66      0.00      0.66      0.00      7.97
09:35:32 AM      0.00      0.00      0.00      0.00      0.00
09:35:35 AM      0.67      0.00      0.67      0.00      8.00
09:35:38 AM      0.00      0.00      0.00      0.00      0.00
09:35:41 AM      0.67      0.00      0.67      0.00      8.00
09:35:44 AM      0.00      0.00      0.00      0.00      0.00
09:35:47 AM      1.33      0.00      1.33      0.00     23.92
09:35:50 AM      0.00      0.00      0.00      0.00      0.00
09:35:53 AM      0.67      0.00      0.67      0.00      8.00
09:35:56 AM      1.00      0.00      1.00      0.00     10.70
09:35:59 AM      0.66      0.00      0.66      0.00      7.97
09:36:02 AM      0.00      0.00      0.00      0.00      0.00
09:36:05 AM      0.66      0.00      0.66      0.00      7.97
09:36:08 AM      0.00      0.00      0.00      0.00      0.00
09:36:11 AM      0.67      0.00      0.67      0.00     10.67
09:36:14 AM      0.00      0.00      0.00      0.00      0.00
09:36:17 AM      0.66      0.00      0.66      0.00      7.97
09:36:20 AM      0.67      0.00      0.67      0.00      5.33
09:36:23 AM      0.66      0.00      0.66      0.00      7.97
09:36:26 AM      0.00      0.00      0.00      0.00      0.00
09:36:29 AM      0.66      0.00      0.66      0.00      7.97
09:36:32 AM      0.33      0.00      0.33      0.00      2.68
09:36:35 AM      0.66      0.00      0.66      0.00      7.97
09:36:38 AM      0.00      0.00      0.00      0.00      0.00
09:36:41 AM      0.67      0.00      0.67      0.00      8.00
09:36:44 AM      0.00      0.00      0.00      0.00      0.00
09:36:47 AM      0.67      0.00      0.67      0.00      8.00
09:36:50 AM      0.00      0.00      0.00      0.00      0.00
09:36:53 AM      0.67      0.00      0.67      0.00      8.00
09:36:56 AM      0.67      0.00      0.67      0.00      5.33
09:36:59 AM      0.66      0.00      0.66      0.00      7.97
09:37:02 AM      0.00      0.00      0.00      0.00      0.00
09:37:05 AM      1.00      0.00      1.00      0.00     10.67
09:37:08 AM      0.00      0.00      0.00      0.00      0.00
09:37:11 AM      0.67      0.00      0.67      0.00     10.67
09:37:14 AM      0.00      0.00      0.00      0.00      0.00
09:37:17 AM      0.66      0.00      0.66      0.00      7.97
09:37:20 AM      0.00      0.00      0.00      0.00      0.00
09:37:23 AM      0.67      0.00      0.67      0.00      8.00
09:37:26 AM      0.00      0.00      0.00      0.00      0.00
09:37:29 AM      0.67      0.00      0.67      0.00     10.70
09:37:32 AM      0.66      0.00      0.66      0.00      5.32
09:37:35 AM      0.67      0.00      0.67      0.00      8.00
09:37:38 AM      0.00      0.00      0.00      0.00      0.00
09:37:41 AM      0.67      0.00      0.67      0.00      8.00
09:37:44 AM      0.00      0.00      0.00      0.00      0.00
09:37:47 AM      1.00      0.00      1.00      0.00     10.63
09:37:50 AM      0.00      0.00      0.00      0.00      0.00
09:37:53 AM      0.67      0.00      0.67      0.00      8.00
09:37:56 AM      0.00      0.00      0.00      0.00      0.00
09:37:59 AM      0.67      0.00      0.67      0.00      8.00
09:38:02 AM      0.00      0.00      0.00      0.00      0.00
09:38:05 AM      0.67      0.00      0.67      0.00      8.00
09:38:08 AM      0.66      0.00      0.66      0.00      5.32
09:38:11 AM      0.67      0.00      0.67      0.00     10.67
09:38:14 AM      0.00      0.00      0.00      0.00      0.00
09:38:20 AM    525.30    307.93    217.37   4034.73  45817.96
09:38:23 AM    679.80    657.14     22.66   7148.77   5292.61
09:38:26 AM    426.42    404.35     22.07   4085.62   5190.64
09:38:29 AM    397.33    391.67      5.67   3402.67   1253.33
09:38:32 AM    495.33    480.67     14.67   4354.67   2893.33
09:38:35 AM    742.86    695.02     47.84   6338.87  11457.81
09:38:38 AM    515.38    508.03      7.36   4607.36   1324.41
09:38:41 AM    167.67    142.33     25.33   1928.00   5821.33
09:38:44 AM    144.52    144.19      0.33   1358.14      5.32
09:38:47 AM    175.59    175.25      0.33   1610.70      2.68
09:38:50 AM    185.33    185.00      0.33   1701.33      5.33
09:38:53 AM    198.33    168.67     29.67   1613.33   7010.67
09:38:56 AM    131.23    130.56      0.66   1198.67     15.95
09:38:59 AM    160.54    160.20      0.33   1455.52      0.00
09:39:02 AM    159.80    159.47      0.33   1493.69      5.32
09:39:05 AM    180.00    174.33      5.67   1701.33    906.67
09:39:08 AM    257.53    248.49      9.03   2718.39   1937.12
09:39:11 AM    284.00    260.67     23.33   2533.33   3104.00
09:39:14 AM    317.67    305.00     12.67   2744.00   2130.67
09:39:17 AM    161.67    152.00      9.67   2317.33   1640.00
09:39:20 AM    106.98    103.32      3.65    967.44    584.72
09:39:23 AM    109.36    106.02      3.34    957.86    345.15
09:39:26 AM    109.63    105.65      3.99    924.92    491.69
09:39:29 AM    136.33    126.67      9.67   1298.67   1197.33
09:39:32 AM    155.85    146.82      9.03   1431.44   1308.36
09:39:35 AM    145.51    139.20      6.31   1243.85    568.77
09:39:38 AM    209.70    195.65     14.05   1888.96   1736.45
09:39:41 AM    172.33    159.67     12.67   1490.67   2264.00
09:39:44 AM    116.72     99.70     17.01   1060.30   3980.90
09:39:47 AM    109.77    104.51      5.26   1344.36   1091.73
09:39:50 AM    114.00    113.67      0.33    936.00      5.33
09:39:53 AM     82.67     82.00      0.67    672.00     10.67
09:39:56 AM    124.67    123.33      1.33   1024.00     40.00
09:39:59 AM    105.02    104.68      0.33    866.89      2.68
09:40:02 AM    113.62    112.96      0.66   1073.75      7.97
09:40:05 AM    110.63     98.34     12.29   1206.64   1849.83
09:40:08 AM    109.70    104.01      5.69   1286.96    920.40
09:40:11 AM    102.67     97.67      5.00    938.67    858.67
09:40:14 AM    101.67     87.00     14.67   1349.33   3386.67
09:40:17 AM    115.00    114.33      0.67   2066.67     24.00
09:40:20 AM     51.00     50.67      0.33    405.33      2.67
09:40:23 AM     68.44     67.77      0.66    542.19     13.29
09:40:26 AM     62.21     62.21      0.00    500.33      0.00
09:40:29 AM     80.33     78.67      1.67    658.67     80.00
09:40:32 AM     89.00     87.00      2.00    709.33     88.00
09:40:35 AM     74.33     74.00      0.33    594.67      5.33
09:40:38 AM     80.67     75.33      5.33    749.33    253.33
09:40:41 AM     86.33     80.67      5.67    656.00    381.33
09:40:44 AM    102.00     96.67      5.33    773.33    840.00
Average:        89.54     81.50      8.04    821.85   1562.59
