Linux 4.2.2 (vm1_27) 	07/18/2017 	_x86_64_	(1 CPU)

09:15:12 AM       tps      rtps      wtps   bread/s   bwrtn/s
09:15:15 AM     36.33     36.00      0.33    690.67      2.67
09:15:18 AM      0.67      0.00      0.67      0.00     21.33
09:15:21 AM      0.00      0.00      0.00      0.00      0.00
09:15:24 AM      0.67      0.00      0.67      0.00     10.67
09:15:27 AM      0.33      0.00      0.33      0.00      0.00
09:15:30 AM      0.33      0.00      0.33      0.00      8.00
09:15:33 AM      0.33      0.00      0.33      0.00      0.00
09:15:36 AM      0.33      0.00      0.33      0.00      8.00
09:15:39 AM      0.33      0.00      0.33      0.00      0.00
09:15:42 AM      0.33      0.00      0.33      0.00      7.97
09:15:45 AM      1.00      0.33      0.66      2.66      2.66
09:15:48 AM      2.67      0.33      2.33      2.67     32.00
09:15:51 AM      0.00      0.00      0.00      0.00      0.00
09:15:54 AM      0.33      0.00      0.33      0.00      5.35
09:15:57 AM      0.33      0.00      0.33      0.00      2.66
09:16:00 AM      0.33      0.00      0.33      0.00      8.00
09:16:03 AM      0.33      0.00      0.33      0.00      0.00
09:16:06 AM      0.33      0.00      0.33      0.00     10.67
09:16:09 AM      0.33      0.00      0.33      0.00      0.00
09:16:12 AM      0.33      0.00      0.33      0.00      8.03
09:16:15 AM      0.33      0.00      0.33      0.00      0.00
09:16:18 AM      1.00      0.00      1.00      0.00     10.63
09:16:21 AM      0.00      0.00      0.00      0.00      0.00
09:16:24 AM      2.01      0.00      2.01      0.00     24.08
09:16:27 AM      0.33      0.00      0.33      0.00      0.00
09:16:30 AM      0.33      0.00      0.33      0.00      8.00
09:16:33 AM      0.33      0.00      0.33      0.00      0.00
09:16:36 AM      0.33      0.00      0.33      0.00      7.97
09:16:39 AM      0.33      0.00      0.33      0.00      0.00
09:16:42 AM      0.33      0.00      0.33      0.00      5.32
09:16:45 AM      0.33      0.00      0.33      0.00      2.67
09:16:48 AM      0.33      0.00      0.33      0.00      8.00
09:16:51 AM      0.33      0.00      0.33      0.00      0.00
09:16:54 AM      0.67      0.00      0.67      0.00     10.67
09:16:57 AM      0.33      0.00      0.33      0.00      0.00
09:17:00 AM      0.67      0.00      0.67      0.00     10.67
09:17:03 AM      0.33      0.00      0.33      0.00      0.00
09:17:06 AM      0.33      0.00      0.33      0.00     10.67
09:17:09 AM      0.33      0.00      0.33      0.00      0.00
09:17:12 AM      0.33      0.00      0.33      0.00      8.03
09:17:15 AM      0.33      0.00      0.33      0.00      0.00
09:17:18 AM      0.33      0.00      0.33      0.00      7.97
09:17:21 AM      0.33      0.00      0.33      0.00      0.00
09:17:24 AM      2.00      1.67      0.33    208.00     10.67
09:17:27 AM      0.33      0.00      0.33      0.00      0.00
09:17:30 AM      1.00      0.00      1.00      0.00     13.29
09:17:33 AM      0.33      0.00      0.33      0.00      0.00
09:17:36 AM      0.33      0.00      0.33      0.00      8.03
09:17:39 AM      0.67      0.00      0.67      0.00      2.67
09:17:42 AM      0.33      0.00      0.33      0.00      7.97
09:17:45 AM      0.33      0.00      0.33      0.00      0.00
09:17:48 AM      0.33      0.00      0.33      0.00      7.95
09:17:51 AM      0.33      0.00      0.33      0.00      0.00
09:17:54 AM      0.33      0.00      0.33      0.00      7.97
09:17:57 AM      0.33      0.00      0.33      0.00      0.00
09:18:00 AM      0.33      0.00      0.33      0.00      5.33
09:18:03 AM      1.00      0.00      1.00      0.00      7.97
09:18:06 AM      0.33      0.00      0.33      0.00      8.00
09:18:09 AM      0.33      0.00      0.33      0.00      2.66
09:18:12 AM      0.33      0.00      0.33      0.00      8.03
09:18:15 AM      0.33      0.00      0.33      0.00      0.00
09:18:21 AM    533.47    360.19    173.28   3833.61  38250.14
09:18:23 AM    412.50    252.08    160.42   2866.67  40950.00
09:18:26 AM    273.99    273.65      0.34   3021.62      5.41
09:18:29 AM    373.00    367.33      5.67   3602.67   1178.67
09:18:32 AM    323.33    317.33      6.00   2626.67   1392.00
09:18:35 AM    263.00    209.00     54.00   1813.33  13434.67
09:18:38 AM    251.00    250.67      0.33   2122.67      5.33
09:18:41 AM    259.67    259.33      0.33   2184.00      2.67
09:18:44 AM    296.33    296.00      0.33   2488.00      5.33
09:18:47 AM    305.33    304.67      0.67   2632.00     29.33
09:18:50 AM    271.33    260.67     10.67   2325.33   1994.67
09:18:53 AM    220.33    171.33     49.00   1762.67  11821.33
09:18:56 AM    240.67    239.67      1.00   2104.00     16.00
09:18:59 AM    263.46    263.12      0.33   2301.66      2.66
09:19:02 AM    269.57    269.23      0.33   2830.77     10.70
09:19:05 AM    218.67    192.33     26.33   1781.33   6216.00
09:19:08 AM    234.67    234.00      0.67   2093.33     10.67
09:19:11 AM    351.00    351.00      0.00   3104.00      0.00
09:19:14 AM    384.33    357.67     26.67   3658.67   5152.00
09:19:17 AM    474.75    465.12      9.63   4342.86   1488.37
09:19:20 AM    186.67    131.00     55.67   2205.33  13128.00
09:19:23 AM    120.74    120.74      0.00   1080.94      0.00
09:19:26 AM    124.67    123.67      1.00   1098.67     10.67
09:19:29 AM    167.00    166.67      0.33   1432.00      2.67
09:19:32 AM    157.33    155.67      1.67   1354.67     16.00
09:19:35 AM    186.05    186.05      0.00   1610.63      0.00
09:19:38 AM    174.58    173.91      0.67   1460.87      8.03
09:19:41 AM    163.46    163.46      0.00   1451.16      0.00
09:19:44 AM    167.56    161.87      5.69   1399.33    981.94
09:19:47 AM    173.42    161.79     11.63   1392.69   2330.90
09:19:50 AM    119.00    118.33      0.67   1053.33      8.00
09:19:53 AM    125.42    118.73      6.69   1040.80   1343.14
09:19:56 AM    116.94    112.29      4.65    994.02    629.90
09:19:59 AM    128.09    120.74      7.36   1043.48    824.08
09:20:02 AM    145.18    117.61     27.57   1477.74   5892.36
09:20:05 AM    127.67    127.67      0.00   1480.00      0.00
09:20:08 AM    113.38    112.37      1.00   1091.64     18.73
09:20:11 AM    139.67    139.67      0.00   1314.67      0.00
09:20:14 AM    114.29    110.63      3.65   1501.66    515.61
09:20:17 AM    132.67    122.67     10.00   1258.67   1253.33
09:20:20 AM     91.33     88.33      3.00   1618.67    541.33
09:20:23 AM    111.67    106.00      5.67    968.00    808.00
09:20:26 AM    111.63    108.64      2.99    951.50    284.39
09:20:29 AM    164.88    158.86      6.02   1418.06    532.44
09:20:32 AM    166.00    157.33      8.67   1432.00   1042.67
09:20:35 AM    117.33    111.67      5.67    936.00    677.33
09:20:38 AM    133.33    127.67      5.67   1122.67    717.33
09:20:41 AM    137.21    130.23      6.98   1211.96    951.50
09:20:44 AM    134.67    130.00      4.67   1093.33    781.33
Average:        97.18     89.47      7.70    858.18   1587.29
