Linux 4.2.2 (vm1_27) 	07/18/2017 	_x86_64_	(1 CPU)

08:55:11 AM       tps      rtps      wtps   bread/s   bwrtn/s
08:55:14 AM     35.67     35.67      0.00    589.33      0.00
08:55:17 AM      0.67      0.00      0.67      0.00     21.33
08:55:20 AM      0.00      0.00      0.00      0.00      0.00
08:55:23 AM      2.33      0.00      2.33      0.00     21.26
08:55:26 AM      0.67      0.00      0.67      0.00      5.33
08:55:29 AM      0.33      0.00      0.33      0.00      5.33
08:55:32 AM      0.33      0.00      0.33      0.00      2.66
08:55:35 AM      0.33      0.00      0.33      0.00      5.33
08:55:38 AM      0.33      0.00      0.33      0.00      2.67
08:55:41 AM      0.33      0.00      0.33      0.00      5.33
08:55:44 AM      0.33      0.00      0.33      0.00      2.66
08:55:47 AM      1.00      0.00      1.00      0.00     21.33
08:55:50 AM      0.33      0.00      0.33      0.00      2.68
08:55:53 AM      0.33      0.00      0.33      0.00      5.33
08:55:56 AM      0.33      0.00      0.33      0.00      2.66
08:55:59 AM      0.33      0.00      0.33      0.00      8.03
08:56:02 AM      0.33      0.00      0.33      0.00      2.66
08:56:05 AM      0.33      0.00      0.33      0.00      5.33
08:56:08 AM      0.33      0.00      0.33      0.00      2.67
08:56:11 AM      0.33      0.00      0.33      0.00      5.32
08:56:14 AM      0.33      0.00      0.33      0.00      2.68
08:56:17 AM      0.33      0.00      0.33      0.00      5.33
08:56:20 AM      0.67      0.00      0.67      0.00      5.33
08:56:23 AM      2.33      0.00      2.33      0.00     23.92
08:56:26 AM      0.00      0.00      0.00      0.00      0.00
08:56:29 AM      0.33      0.00      0.33      0.00      5.32
08:56:32 AM      0.33      0.00      0.33      0.00      2.67
08:56:35 AM      0.33      0.00      0.33      0.00      5.35
08:56:38 AM      0.33      0.00      0.33      0.00      2.66
08:56:41 AM      0.33      0.00      0.33      0.00      5.33
08:56:44 AM      0.33      0.00      0.33      0.00      2.67
08:56:47 AM      0.33      0.00      0.33      0.00      5.33
08:56:50 AM      0.33      0.00      0.33      0.00      2.67
08:56:53 AM      1.00      0.00      1.00      0.00     10.67
08:56:56 AM      0.00      0.00      0.00      0.00      0.00
08:56:59 AM      0.67      0.00      0.67      0.00     10.67
08:57:02 AM      0.33      0.00      0.33      0.00      2.66
08:57:05 AM      0.33      0.00      0.33      0.00      5.33
08:57:08 AM      0.33      0.00      0.33      0.00      2.67
08:57:11 AM      0.33      0.00      0.33      0.00      5.35
08:57:14 AM      0.33      0.00      0.33      0.00      2.67
08:57:17 AM      0.33      0.00      0.33      0.00      5.32
08:57:20 AM      0.33      0.00      0.33      0.00      2.67
08:57:23 AM      0.33      0.00      0.33      0.00      8.00
08:57:26 AM      0.33      0.00      0.33      0.00      2.67
08:57:29 AM      0.67      0.00      0.67      0.00      8.00
08:57:32 AM      0.33      0.00      0.33      0.00      2.67
08:57:35 AM      1.00      0.00      1.00      0.00     10.67
08:57:38 AM      0.33      0.00      0.33      0.00      2.67
08:57:41 AM      0.33      0.00      0.33      0.00      5.32
08:57:44 AM      0.33      0.00      0.33      0.00      2.67
08:57:47 AM      0.33      0.00      0.33      0.00      5.33
08:57:50 AM      0.33      0.00      0.33      0.00      2.68
08:57:53 AM      0.33      0.00      0.33      0.00      5.32
08:57:56 AM      0.33      0.00      0.33      0.00      2.67
08:57:59 AM      0.33      0.00      0.33      0.00      8.00
08:58:02 AM      0.33      0.00      0.33      0.00      2.66
08:58:05 AM      0.67      0.00      0.67      0.00      8.00
08:58:08 AM      0.67      0.00      0.67      0.00      5.33
08:58:11 AM      0.33      0.00      0.33      0.00      5.35
08:58:14 AM      0.33      0.00      0.33      0.00      2.66
08:58:20 AM    719.69    491.70    227.99   5547.12  47952.74
08:58:22 AM    529.41    529.41      0.00   5152.94      0.00
08:58:25 AM   1061.69   1061.69      0.00   9932.47      0.00
08:58:28 AM    592.12    525.34     66.78   5167.12  16189.04
08:58:31 AM    530.10    530.10      0.00   4759.87      0.00
08:58:34 AM    544.19    543.52      0.66   4991.36      7.97
08:58:37 AM    691.33    667.67     23.67   6298.67   4914.67
08:58:40 AM    593.98    545.48     48.49   5688.29  11143.81
08:58:43 AM    473.42    473.42      0.00   4935.55      0.00
08:58:46 AM    386.00    358.67     27.33   4008.00   6314.67
08:58:49 AM    362.21    361.54      0.67   3507.69     13.38
08:58:52 AM    242.00    230.67     11.33   2274.67   1976.00
08:58:55 AM    159.14    154.15      4.98   1528.24    911.63
08:58:58 AM    202.66    155.15     47.51   1695.68  11324.92
08:59:01 AM    192.67    192.67      0.00   2216.00      0.00
08:59:04 AM    156.19    155.52      0.67   1677.59     10.70
08:59:07 AM    155.48    155.15      0.33   1565.45      2.66
08:59:10 AM    165.00    164.33      0.67   1682.67      8.00
08:59:13 AM    184.28    184.28      0.00   1784.62      0.00
08:59:16 AM    131.89    130.56      1.33   1254.49    106.31
08:59:19 AM    113.67    103.00     10.67   1810.67   2165.33
08:59:22 AM    138.67    120.00     18.67   1120.00   4056.00
08:59:25 AM    124.41    124.41      0.00   1134.45      0.00
08:59:28 AM     92.36     91.69      0.66    837.21      7.97
08:59:31 AM     86.33     85.00      1.33    760.00     10.67
08:59:34 AM    102.00     99.00      3.00    994.67    509.33
08:59:37 AM    110.00    105.33      4.67    944.00    856.00
08:59:40 AM    116.39    115.72      0.67   1056.86      8.03
08:59:43 AM    121.33    111.67      9.67   1040.00   1592.00
08:59:46 AM    117.94    113.95      3.99   1012.62    717.61
08:59:49 AM    119.00    116.33      2.67   1069.33    192.00
08:59:52 AM    149.67    133.00     16.67   1210.67   1581.33
08:59:55 AM    148.84    141.86      6.98   1347.51    970.10
08:59:58 AM    129.43    127.76      1.67   1193.31     32.11
09:00:01 AM    126.67    112.67     14.00   1298.67   1848.00
09:00:04 AM     84.67     79.67      5.00   1008.00    690.67
09:00:07 AM    118.21    112.25      5.96   1242.38    892.72
09:00:10 AM     85.95     83.28      2.68    808.03    157.86
09:00:13 AM    111.00    102.00      9.00   1056.00   1272.00
09:00:16 AM     88.33     70.00     18.33   1237.33   3480.00
09:00:19 AM     96.35     95.35      1.00   1307.64     15.95
09:00:22 AM     91.67     91.67      0.00   1042.67      0.00
09:00:25 AM    111.33    110.67      0.67    930.67     10.67
09:00:28 AM    132.33    120.67     11.67   1045.33    954.67
09:00:31 AM    107.00    103.00      4.00    914.67    597.33
09:00:34 AM    115.33    112.00      3.33    968.00    672.00
09:00:37 AM     98.67     89.33      9.33    794.67   1416.00
09:00:40 AM    130.10    130.10      0.00   1088.96      0.00
09:00:43 AM    124.25    118.60      5.65   1031.23    515.61
Average:       108.20     99.40      8.80   1001.89   1734.71
