Linux 4.2.2 (vm1_27) 	07/18/2017 	_x86_64_	(1 CPU)

09:21:52 AM       tps      rtps      wtps   bread/s   bwrtn/s
09:21:55 AM     36.00     35.67      0.33    685.33      2.67
09:21:58 AM      0.67      0.00      0.67      0.00     18.67
09:22:01 AM      0.00      0.00      0.00      0.00      0.00
09:22:04 AM      4.97      2.65      2.32     21.19     23.84
09:22:07 AM      0.33      0.00      0.33      0.00      2.68
09:22:10 AM      0.67      0.00      0.67      0.00      8.00
09:22:13 AM      0.00      0.00      0.00      0.00      0.00
09:22:16 AM      0.67      0.00      0.67      0.00      8.00
09:22:19 AM      0.00      0.00      0.00      0.00      0.00
09:22:22 AM      0.66      0.00      0.66      0.00      7.97
09:22:25 AM      2.01      2.01      0.00    211.37      0.00
09:22:28 AM      1.99      0.66      1.33      5.32     26.58
09:22:31 AM      0.00      0.00      0.00      0.00      0.00
09:22:34 AM      0.33      0.00      0.33      0.00      5.33
09:22:37 AM      1.67      0.00      1.67      0.00     16.00
09:22:40 AM      0.67      0.00      0.67      0.00      8.00
09:22:43 AM      0.00      0.00      0.00      0.00      0.00
09:22:46 AM      0.66      0.00      0.66      0.00      7.97
09:22:49 AM      0.00      0.00      0.00      0.00      0.00
09:22:52 AM      0.66      0.00      0.66      0.00      7.97
09:22:55 AM      0.00      0.00      0.00      0.00      0.00
09:22:58 AM      0.66      0.00      0.66      0.00      7.97
09:23:01 AM      0.00      0.00      0.00      0.00      0.00
09:23:04 AM      1.34      0.00      1.34      0.00     16.05
09:23:07 AM      0.00      0.00      0.00      0.00      0.00
09:23:10 AM      0.66      0.00      0.66      0.00      7.97
09:23:13 AM      0.33      0.00      0.33      0.00      2.67
09:23:16 AM      0.67      0.00      0.67      0.00      8.00
09:23:19 AM      0.00      0.00      0.00      0.00      0.00
09:23:22 AM      0.67      0.00      0.67      0.00      8.00
09:23:25 AM      0.00      0.00      0.00      0.00      0.00
09:23:28 AM      0.67      0.00      0.67      0.00      8.00
09:23:31 AM      0.00      0.00      0.00      0.00      0.00
09:23:34 AM      0.67      0.00      0.67      0.00      8.00
09:23:37 AM      0.00      0.00      0.00      0.00      0.00
09:23:40 AM      1.33      0.00      1.33      0.00     13.33
09:23:43 AM      0.00      0.00      0.00      0.00      0.00
09:23:46 AM      0.67      0.00      0.67      0.00      8.00
09:23:49 AM      0.00      0.00      0.00      0.00      0.00
09:23:52 AM      0.66      0.00      0.66      0.00      7.97
09:23:55 AM      0.00      0.00      0.00      0.00      0.00
09:23:58 AM      0.67      0.00      0.67      0.00      8.03
09:24:01 AM      0.00      0.00      0.00      0.00      0.00
09:24:04 AM      0.67      0.00      0.67      0.00     10.67
09:24:07 AM      0.00      0.00      0.00      0.00      0.00
09:24:10 AM      0.66      0.00      0.66      0.00      7.97
09:24:13 AM      0.67      0.00      0.67      0.00      5.35
09:24:16 AM      0.67      0.00      0.67      0.00      8.00
09:24:19 AM      0.00      0.00      0.00      0.00      0.00
09:24:22 AM      0.67      0.00      0.67      0.00      8.00
09:24:25 AM      0.33      0.00      0.33      0.00      2.67
09:24:28 AM      0.67      0.00      0.67      0.00      8.00
09:24:31 AM      0.00      0.00      0.00      0.00      0.00
09:24:34 AM      0.67      0.00      0.67      0.00      8.00
09:24:37 AM      0.00      0.00      0.00      0.00      0.00
09:24:40 AM      0.66      0.00      0.66      0.00      7.97
09:24:43 AM      0.00      0.00      0.00      0.00      0.00
09:24:46 AM      0.67      0.00      0.67      0.00      8.00
09:24:49 AM      0.67      0.00      0.67      0.00      5.33
09:24:52 AM      0.67      0.00      0.67      0.00      8.00
09:24:55 AM      0.00      0.00      0.00      0.00      0.00
09:25:00 AM    432.32    259.34    172.98   3144.90  36270.20
09:25:03 AM    174.59    157.38     17.21   1377.05   4190.16
09:25:06 AM    202.99    191.69     11.30   2620.60   2732.23
09:25:09 AM    194.67    194.33      0.33   1810.67      8.00
09:25:12 AM    180.33    127.33     53.00   1506.67  13240.00
09:25:15 AM    228.00    227.67      0.33   1938.67      5.33
09:25:18 AM    221.33    221.00      0.33   1826.67      2.67
09:25:21 AM    284.33    284.00      0.33   2309.33      5.33
09:25:24 AM    255.33    255.00      0.33   2072.00      2.67
09:25:27 AM    263.46    259.47      3.99   2120.93    863.79
09:25:30 AM    263.00    251.67     11.33   2160.00   2413.33
09:25:33 AM    232.44    226.42      6.02   1875.59   1163.88
09:25:36 AM    271.00    237.67     33.33   2218.67   8082.67
09:25:39 AM    227.33    227.00      0.33   1901.33     10.67
09:25:42 AM    247.00    245.67      1.33   2053.33     10.67
09:25:45 AM    223.26    222.92      0.33   1857.81      5.32
09:25:48 AM    266.22    231.44     34.78   2638.13   8612.71
09:25:51 AM    199.67    199.33      0.33   1778.67      5.33
09:25:54 AM    215.95    215.61      0.33   1823.26      2.66
09:25:57 AM    203.33    203.00      0.33   2381.33      5.33
09:26:00 AM    203.00    160.00     43.00   1682.67  10378.67
09:26:03 AM    179.33    179.00      0.33   1573.33      5.33
09:26:06 AM    153.67    153.00      0.67   1549.33      5.33
09:26:09 AM    198.00    197.67      0.33   1624.00      8.00
09:26:12 AM    219.67    219.00      0.67   1824.00      5.33
09:26:15 AM    244.00    239.33      4.67   2090.67    906.67
09:26:18 AM    202.99    198.01      4.98   1610.63   1036.54
09:26:21 AM    162.67    158.00      4.67   1269.33    970.67
09:26:24 AM    193.98    166.22     27.76   1773.91   6611.37
09:26:27 AM    188.00    187.67      0.33   1592.00      5.33
09:26:30 AM    200.33    200.00      0.33   1661.13      2.66
09:26:33 AM    234.78    230.10      4.68   1899.67   1019.40
09:26:36 AM    256.67    246.67     10.00   2093.33   1840.00
09:26:39 AM    262.79    257.48      5.32   2174.09   1031.23
09:26:42 AM    222.67    200.00     22.67   1658.67   4498.67
09:26:45 AM    182.67    182.33      0.33   1501.33      5.33
09:26:48 AM    240.67    233.00      7.67   1981.33   1109.33
09:26:51 AM    220.67    212.33      8.33   1840.00   1512.00
09:26:54 AM    284.33    235.67     48.67   2162.67  11624.00
09:26:57 AM    295.33    295.00      0.33   3285.33      5.33
09:27:00 AM    272.00    271.67      0.33   2320.00      2.67
09:27:03 AM    389.33    387.00      2.33   3330.67    466.67
09:27:06 AM    305.00    268.00     37.00   2637.33   8850.67
09:27:09 AM    256.00    255.67      0.33   2141.33      8.00
09:27:12 AM    192.67    192.33      0.33   1581.33      2.67
09:27:15 AM    177.00    176.67      0.33   1530.67      5.33
09:27:18 AM    157.00    153.00      4.00   1229.33    605.33
09:27:21 AM    143.52    137.87      5.65   1118.94   1108.31
09:27:24 AM    148.16    140.47      7.69   1383.28   1565.22
Average:       106.31     98.37      7.95    905.12   1673.16
