Linux 4.2.2 (vm1_27) 	07/18/2017 	_x86_64_	(1 CPU)

09:28:31 AM       tps      rtps      wtps   bread/s   bwrtn/s
09:28:34 AM     24.67     24.00      0.67    352.00     21.33
09:28:37 AM      0.00      0.00      0.00      0.00      0.00
09:28:40 AM      0.67      0.00      0.67      0.00     18.67
09:28:43 AM      0.00      0.00      0.00      0.00      0.00
09:28:46 AM      0.67      0.00      0.67      0.00      8.03
09:28:49 AM      0.33      0.00      0.33      0.00      2.66
09:28:52 AM      0.66      0.00      0.66      0.00      7.97
09:28:55 AM      0.00      0.00      0.00      0.00      0.00
09:28:58 AM      0.67      0.00      0.67      0.00      8.00
09:29:01 AM      0.00      0.00      0.00      0.00      0.00
09:29:04 AM      1.33      0.33      1.00      2.66     15.95
09:29:07 AM     56.00     53.67      2.33   1245.33     21.33
09:29:10 AM      2.01      1.34      0.67     10.70     16.05
09:29:13 AM      0.00      0.00      0.00      0.00      0.00
09:29:16 AM      0.67      0.00      0.67      0.00      8.03
09:29:19 AM      0.00      0.00      0.00      0.00      0.00
09:29:22 AM      0.67      0.00      0.67      0.00      8.00
09:29:25 AM      0.00      0.00      0.00      0.00      0.00
09:29:28 AM      0.67      0.00      0.67      0.00      8.00
09:29:31 AM      0.00      0.00      0.00      0.00      0.00
09:29:34 AM      0.67      0.00      0.67      0.00      8.00
09:29:37 AM      0.33      0.00      0.33      0.00      2.66
09:29:40 AM      0.67      0.00      0.67      0.00      8.00
09:29:43 AM      1.33      0.00      1.33      0.00     10.67
09:29:46 AM      0.67      0.00      0.67      0.00      8.00
09:29:49 AM      0.00      0.00      0.00      0.00      0.00
09:29:52 AM      0.67      0.00      0.67      0.00      8.00
09:29:55 AM      0.00      0.00      0.00      0.00      0.00
09:29:58 AM      0.67      0.00      0.67      0.00      8.00
09:30:01 AM      0.00      0.00      0.00      0.00      0.00
09:30:04 AM     36.67     36.00      0.67    789.33     10.67
09:30:07 AM      5.33      4.33      1.00     34.67     21.33
09:30:10 AM      0.00      0.00      0.00      0.00      0.00
09:30:13 AM      1.00      0.00      1.00      0.00     13.29
09:30:16 AM      0.00      0.00      0.00      0.00      0.00
09:30:19 AM      1.67      0.00      1.67      0.00     21.40
09:30:22 AM      0.00      0.00      0.00      0.00      0.00
09:30:25 AM      0.67      0.00      0.67      0.00      8.00
09:30:28 AM      0.00      0.00      0.00      0.00      0.00
09:30:31 AM      0.67      0.00      0.67      0.00      8.00
09:30:34 AM      0.00      0.00      0.00      0.00      0.00
09:30:37 AM      1.67      0.00      1.67      0.00     26.67
09:30:40 AM      0.00      0.00      0.00      0.00      0.00
09:30:43 AM      0.67      0.00      0.67      0.00      8.00
09:30:46 AM      0.00      0.00      0.00      0.00      0.00
09:30:49 AM      1.00      0.00      1.00      0.00     10.67
09:30:52 AM      1.67      0.00      1.67      0.00     13.33
09:30:55 AM      0.67      0.00      0.67      0.00      8.00
09:30:58 AM      0.00      0.00      0.00      0.00      0.00
09:31:01 AM      0.67      0.00      0.67      0.00      8.03
09:31:04 AM      0.00      0.00      0.00      0.00      0.00
09:31:07 AM      0.67      0.00      0.67      0.00     10.67
09:31:10 AM      0.00      0.00      0.00      0.00      0.00
09:31:13 AM      0.67      0.00      0.67      0.00      8.03
09:31:16 AM      0.00      0.00      0.00      0.00      0.00
09:31:19 AM      0.67      0.00      0.67      0.00      8.00
09:31:22 AM      0.33      0.00      0.33      0.00      2.68
09:31:25 AM      0.67      0.00      0.67      0.00      8.00
09:31:28 AM      0.67      0.00      0.67      0.00      5.33
09:31:31 AM      0.67      0.00      0.67      0.00      8.00
09:31:34 AM      0.00      0.00      0.00      0.00      0.00
09:31:39 AM    364.10     62.36    301.74   1385.34  65329.69
09:31:44 AM    244.09     73.18    170.91   1363.64  41080.00
09:31:47 AM    133.78    133.11      0.68   1716.22      8.11
09:31:50 AM    177.82    177.82      0.00   1608.19      0.00
09:31:53 AM    192.62    191.95      0.67   1597.32      8.05
09:31:56 AM    168.11    168.11      0.00   1355.48      0.00
09:31:59 AM    207.69    207.02      0.67   1656.19      8.03
09:32:02 AM    184.33    184.33      0.00   1640.00      0.00
09:32:05 AM    190.00    189.33      0.67   1720.00      8.00
09:32:08 AM    200.33    200.33      0.00   1874.67      0.00
09:32:11 AM    186.05    185.05      1.00   1514.95     13.29
09:32:14 AM    184.28    184.28      0.00   1495.65      0.00
09:32:17 AM    191.69    191.03      0.66   1552.16      7.97
09:32:20 AM    173.67    173.00      0.67   1421.33      5.33
09:32:23 AM    184.33    183.67      0.67   1656.00     13.33
09:32:26 AM    180.00    180.00      0.00   1549.33      0.00
09:32:29 AM    177.67    177.00      0.67   1445.33     10.67
09:32:32 AM    178.67    178.67      0.00   1442.67      0.00
09:32:35 AM    189.67    189.00      0.67   1677.33      8.00
09:32:38 AM    172.00    172.00      0.00   2090.67      0.00
09:32:41 AM    161.67    161.00      0.67   1298.67      8.00
09:32:44 AM    195.00    195.00      0.00   1597.33      0.00
09:32:47 AM    185.00    183.00      2.00   1490.67     18.67
09:32:50 AM    176.00    176.00      0.00   1445.33      0.00
09:32:53 AM    185.67    185.00      0.67   1501.33      8.00
09:32:56 AM    183.67    183.33      0.33   1514.67      2.67
09:32:59 AM    171.10    170.43      0.66   1416.61      7.97
09:33:02 AM    182.27    182.27      0.00   1511.71      0.00
09:33:05 AM    170.33    169.67      0.67   1397.33      8.00
09:33:08 AM    181.67    181.67      0.00   1493.33      0.00
09:33:11 AM    179.67    179.00      0.67   1509.33     10.67
09:33:14 AM    187.00    187.00      0.00   1544.00      0.00
09:33:17 AM    180.33    179.67      0.67   1480.00      8.00
09:33:20 AM    189.00    188.33      0.67   1570.67      5.33
09:33:23 AM    190.67    190.00      0.67   1541.33     13.33
09:33:26 AM    191.67    191.67      0.00   1600.00      0.00
09:33:29 AM    192.00    191.33      0.67   1565.33      8.00
09:33:32 AM    187.00    186.67      0.33   1536.00      2.67
09:33:35 AM    126.00    125.33      0.67   1021.33      8.00
09:33:38 AM    196.67    196.67      0.00   1616.00      0.00
09:33:41 AM    190.00    189.33      0.67   1576.00      8.00
09:33:44 AM    188.00    188.00      0.00   1533.33      0.00
09:33:47 AM    200.00    198.34      1.66   1594.68     15.95
09:33:50 AM    186.00    186.00      0.00   1557.33      0.00
09:33:53 AM    190.64    189.97      0.67   1559.87      8.03
09:33:56 AM    194.67    194.33      0.33   1584.00      2.67
09:33:59 AM    184.33    183.67      0.67   1496.00      8.00
09:34:02 AM    180.00    180.00      0.00   1493.33      0.00
09:34:05 AM    187.33    186.33      1.00   1530.67     10.67
Average:        88.74     79.88      8.86    715.21   1849.96
