Linux 4.2.2 (vm1_27) 	07/18/2017 	_x86_64_	(1 CPU)

09:41:49 AM       tps      rtps      wtps   bread/s   bwrtn/s
09:41:52 AM     24.67     24.00      0.67    514.67     21.33
09:41:55 AM      0.00      0.00      0.00      0.00      0.00
09:41:58 AM      1.00      0.00      1.00      0.00     21.26
09:42:01 AM      0.33      0.00      0.33      0.00      2.67
09:42:04 AM      2.00      1.67      0.33     74.67      8.00
09:42:07 AM      0.33      0.00      0.33      0.00      0.00
09:42:10 AM      0.66      0.00      0.66      0.00     10.63
09:42:13 AM      0.00      0.00      0.00      0.00      0.00
09:42:16 AM      0.67      0.00      0.67      0.00      8.00
09:42:19 AM      0.00      0.00      0.00      0.00      0.00
09:42:22 AM      1.33      0.33      1.00      2.67     16.00
09:42:25 AM      1.99      1.99      0.00    209.97      0.00
09:42:28 AM      1.34      0.33      1.00      2.68     18.73
09:42:31 AM      2.33      0.00      2.33      0.00     21.33
09:42:34 AM      0.66      0.00      0.66      0.00      7.97
09:42:37 AM      0.00      0.00      0.00      0.00      0.00
09:42:40 AM      0.66      0.00      0.66      0.00      7.97
09:42:43 AM      0.00      0.00      0.00      0.00      0.00
09:42:46 AM      0.66      0.00      0.66      0.00      7.97
09:42:49 AM      0.00      0.00      0.00      0.00      0.00
09:42:52 AM      0.67      0.00      0.67      0.00      8.00
09:42:55 AM      0.00      0.00      0.00      0.00      0.00
09:42:58 AM      1.00      0.00      1.00      0.00     10.67
09:43:01 AM      0.33      0.00      0.33      0.00      2.67
09:43:04 AM      0.67      0.00      0.67      0.00      8.00
09:43:07 AM      0.00      0.00      0.00      0.00      0.00
09:43:10 AM      0.67      0.00      0.67      0.00     10.67
09:43:13 AM      0.00      0.00      0.00      0.00      0.00
09:43:16 AM      0.66      0.00      0.66      0.00      7.97
09:43:19 AM      0.00      0.00      0.00      0.00      0.00
09:43:22 AM      0.67      0.00      0.67      0.00      8.00
09:43:25 AM      0.00      0.00      0.00      0.00      0.00
09:43:28 AM      0.67      0.00      0.67      0.00      8.00
09:43:31 AM      0.33      0.00      0.33      0.00      2.67
09:43:34 AM      0.67      0.00      0.67      0.00      8.00
09:43:37 AM      0.33      0.00      0.33      0.00      2.66
09:43:40 AM      0.67      0.00      0.67      0.00      8.00
09:43:43 AM      0.33      0.00      0.33      0.00      2.67
09:43:46 AM      0.67      0.00      0.67      0.00      8.03
09:43:49 AM      0.00      0.00      0.00      0.00      0.00
09:43:52 AM      0.66      0.00      0.66      0.00      7.97
09:43:55 AM      0.00      0.00      0.00      0.00      0.00
09:43:58 AM      0.67      0.00      0.67      0.00      8.00
09:44:01 AM      0.00      0.00      0.00      0.00      0.00
09:44:04 AM      0.67      0.00      0.67      0.00      8.00
09:44:07 AM      0.33      0.00      0.33      0.00      2.67
09:44:10 AM      0.67      0.00      0.67      0.00     10.67
09:44:13 AM      0.33      0.00      0.33      0.00      2.67
09:44:16 AM      0.67      0.00      0.67      0.00      8.00
09:44:19 AM      0.00      0.00      0.00      0.00      0.00
09:44:22 AM      1.00      0.00      1.00      0.00     10.70
09:44:25 AM      0.00      0.00      0.00      0.00      0.00
09:44:28 AM      0.67      0.00      0.67      0.00      8.03
09:44:31 AM      0.00      0.00      0.00      0.00      0.00
09:44:34 AM      0.67      0.00      0.67      0.00      8.03
09:44:37 AM      0.00      0.00      0.00      0.00      0.00
09:44:40 AM      0.67      0.00      0.67      0.00      8.00
09:44:43 AM      0.33      0.00      0.33      0.00      2.67
09:44:46 AM      1.00      0.00      1.00      0.00     10.63
09:44:49 AM      0.00      0.00      0.00      0.00      0.00
09:44:52 AM      0.67      0.00      0.67      0.00      8.00
09:44:57 AM    327.16     47.14    280.03   1543.54  60991.74
09:45:02 AM    154.03     27.52    126.51    724.83  29162.42
09:45:05 AM    175.17     20.47    154.70    185.23  35640.27
09:45:08 AM    234.11     35.79    198.33    965.89  44561.87
09:45:11 AM    176.01     32.43    143.58    402.70  34081.08
09:45:14 AM    129.97    110.77     19.19    999.33   4107.74
09:45:17 AM    110.00    109.33      0.67    973.33      8.00
09:45:20 AM    123.00    123.00      0.00    984.00      0.00
09:45:23 AM    113.67    113.00      0.67    904.00      8.00
09:45:26 AM    119.33    119.33      0.00    954.67      0.00
09:45:29 AM    121.67    120.67      1.00    965.33     10.67
09:45:32 AM    111.30    111.30      0.00    890.37      0.00
09:45:35 AM    114.05    113.38      0.67    907.02      8.03
09:45:38 AM    120.33    119.67      0.67    957.33      5.33
09:45:41 AM    105.00    104.33      0.67    834.67     13.33
09:45:44 AM    110.33    110.33      0.00    882.67      0.00
09:45:47 AM    109.33    107.67      1.67    861.33     16.00
09:45:50 AM    111.33    111.33      0.00    890.67      0.00
09:45:53 AM    118.67    118.00      0.67   1832.00      8.00
09:45:56 AM    110.33    110.33      0.00    893.33      0.00
09:45:59 AM     83.95     83.28      0.67    666.22      8.03
09:46:02 AM     94.68     94.35      0.33    754.82      2.66
09:46:05 AM     91.67     91.00      0.67    728.00      8.00
09:46:08 AM    111.37    111.37      0.00    890.97      0.00
09:46:11 AM    112.29    111.63      0.66    893.02     10.63
09:46:14 AM    115.38    115.05      0.33    920.40      2.68
09:46:17 AM    114.62    113.95      0.66    911.63      7.97
09:46:20 AM    109.00    109.00      0.00    882.67      0.00
09:46:23 AM    114.67    114.00      0.67    922.67      8.00
09:46:26 AM    119.33    119.33      0.00    965.33      0.00
09:46:29 AM    107.64    106.98      0.66    855.81      7.97
09:46:32 AM    118.39    118.39      0.00    957.86      0.00
09:46:35 AM    111.67    111.00      0.67    888.00      8.00
09:46:38 AM    119.67    119.33      0.33    954.67      2.67
09:46:41 AM    118.00    117.33      0.67    938.67      8.00
09:46:44 AM    119.93    119.60      0.33    956.81      2.66
09:46:47 AM    121.74    120.74      1.00    965.89     10.70
09:46:50 AM    116.67    116.67      0.00    933.33      0.00
09:46:53 AM    116.28    115.61      0.66    924.92      7.97
09:46:56 AM    118.00    118.00      0.00    944.00      0.00
09:46:59 AM    114.33    113.67      0.67    909.33      8.00
09:47:02 AM    107.67    107.67      0.00    861.33      0.00
09:47:05 AM    122.07    121.40      0.67    971.24      8.03
09:47:08 AM    105.67    105.67      0.00    856.00      0.00
09:47:11 AM    113.33    112.67      0.67    909.33     10.67
09:47:14 AM    110.63    109.97      0.66    879.73      5.32
09:47:17 AM    104.00    103.33      0.67    826.67     13.33
09:47:20 AM    105.00    105.00      0.00    840.00      0.00
09:47:23 AM    112.00    111.00      1.00   1112.00     10.67
Average:        58.89     46.46     12.43    427.64   2688.50
