Linux 4.2.2 (vm1_27) 	07/18/2017 	_x86_64_	(1 CPU)

09:55:10 AM       tps      rtps      wtps   bread/s   bwrtn/s
09:55:13 AM     12.37     11.71      0.67    259.53     24.08
09:55:16 AM      0.00      0.00      0.00      0.00      0.00
09:55:19 AM      0.33      0.00      0.33      0.00     16.00
09:55:22 AM      0.67      0.00      0.67      0.00      5.35
09:55:25 AM      0.33      0.00      0.33      0.00      7.97
09:55:28 AM      2.33      0.00      2.33      0.00     16.00
09:55:31 AM      0.33      0.00      0.33      0.00      5.33
09:55:34 AM      0.33      0.00      0.33      0.00      2.68
09:55:37 AM      0.33      0.00      0.33      0.00      7.97
09:55:40 AM      0.33      0.00      0.33      0.00      0.00
09:55:43 AM      0.67      0.00      0.67      0.00     16.00
09:55:46 AM      0.33      0.00      0.33      0.00      0.00
09:55:49 AM      0.67      0.00      0.67      0.00     16.00
09:55:52 AM      0.33      0.00      0.33      0.00      0.00
09:55:55 AM      0.33      0.00      0.33      0.00      8.00
09:55:58 AM      0.33      0.00      0.33      0.00      0.00
09:56:01 AM      0.33      0.00      0.33      0.00      8.00
09:56:04 AM      0.33      0.00      0.33      0.00      0.00
09:56:07 AM      0.33      0.00      0.33      0.00      8.00
09:56:10 AM      0.33      0.00      0.33      0.00      0.00
09:56:13 AM      0.33      0.00      0.33      0.00      7.97
09:56:16 AM      0.33      0.00      0.33      0.00      2.67
09:56:19 AM      2.01      0.00      2.01      0.00     24.08
09:56:22 AM      0.66      0.00      0.66      0.00      2.66
09:56:25 AM      0.33      0.00      0.33      0.00      8.03
09:56:28 AM      0.33      0.00      0.33      0.00      0.00
09:56:31 AM      0.33      0.00      0.33      0.00      5.33
09:56:34 AM      0.33      0.00      0.33      0.00      2.68
09:56:37 AM      0.33      0.00      0.33      0.00      8.00
09:56:40 AM      0.33      0.00      0.33      0.00      0.00
09:56:43 AM      0.33      0.00      0.33      0.00      7.97
09:56:46 AM      0.33      0.00      0.33      0.00      0.00
09:56:49 AM      0.33      0.00      0.33      0.00      8.00
09:56:52 AM      0.67      0.00      0.67      0.00      2.67
09:56:55 AM      0.33      0.00      0.33      0.00      8.00
09:56:58 AM      0.67      0.00      0.67      0.00      2.68
09:57:01 AM      0.33      0.00      0.33      0.00      7.97
09:57:04 AM      0.33      0.00      0.33      0.00      0.00
09:57:07 AM      0.33      0.00      0.33      0.00      8.00
09:57:10 AM      0.33      0.00      0.33      0.00      0.00
09:57:13 AM      0.33      0.00      0.33      0.00     10.67
09:57:16 AM      0.33      0.00      0.33      0.00      0.00
09:57:19 AM      0.33      0.00      0.33      0.00      8.00
09:57:22 AM      0.33      0.00      0.33      0.00      0.00
09:57:25 AM      0.33      0.00      0.33      0.00     10.67
09:57:28 AM      0.66      0.00      0.66      0.00      2.66
09:57:31 AM      0.33      0.00      0.33      0.00      8.00
09:57:34 AM      0.67      0.00      0.67      0.00      2.67
09:57:37 AM      0.33      0.00      0.33      0.00      7.97
09:57:40 AM      0.33      0.00      0.33      0.00      0.00
09:57:43 AM      0.33      0.00      0.33      0.00      7.97
09:57:46 AM      0.33      0.00      0.33      0.00      0.00
09:57:49 AM      0.66      0.00      0.66      0.00     10.63
09:57:52 AM      0.33      0.00      0.33      0.00      0.00
09:57:55 AM      0.33      0.00      0.33      0.00      8.00
09:57:58 AM      0.33      0.00      0.33      0.00      0.00
09:58:01 AM      0.33      0.00      0.33      0.00      5.35
09:58:04 AM      0.66      0.00      0.66      0.00      5.32
09:58:07 AM      0.33      0.00      0.33      0.00      5.35
09:58:10 AM      0.66      0.00      0.66      0.00      5.32
09:58:13 AM      0.33      0.00      0.33      0.00      8.00
09:58:18 AM    336.71    128.26    208.45   2184.95  46025.19
09:58:21 AM    675.25    599.01     76.24   5354.46  19398.02
09:58:24 AM    972.66    972.66      0.00   8595.16      0.00
09:58:27 AM    872.67    853.33     19.33   6858.67   4202.67
09:58:30 AM    403.00    392.00     11.00   3168.00   2221.33
09:58:33 AM    425.00    383.00     42.00   3168.00   9928.00
09:58:36 AM    443.67    443.33      0.33   3560.00     10.67
09:58:39 AM    373.00    365.67      7.33   2933.33   1517.33
09:58:42 AM    143.67    142.33      1.33   1149.33     61.33
09:58:45 AM    161.33    153.33      8.00   1258.67   1645.33
09:58:48 AM    168.33    161.00      7.33   1304.00   1288.00
09:58:51 AM    152.00    145.33      6.67   1168.00   1336.00
09:58:54 AM    161.33    158.67      2.67   1272.00    501.33
09:58:57 AM    205.67    152.33     53.33   1218.67  13133.33
09:59:00 AM    156.00    155.67      0.33   1261.33      8.00
09:59:03 AM    158.67    158.00      0.67   1362.67      2.67
09:59:06 AM    137.33    137.00      0.33   1184.00      8.00
09:59:09 AM    149.67    149.00      0.67   1344.00      2.67
09:59:12 AM    171.67    170.67      1.00   1528.00     16.00
09:59:15 AM    189.63    189.30      0.33   1533.11      0.00
09:59:18 AM    167.68    167.00      0.67   1715.82     26.94
09:59:21 AM    178.26    174.25      4.01   1915.72    676.92
09:59:24 AM    189.37    181.40      7.97   1475.08   1440.53
09:59:27 AM    206.00    196.67      9.33   1592.00   1813.33
09:59:30 AM    177.67    170.33      7.33   1373.33   1386.67
09:59:33 AM    189.33    182.67      6.67   1493.33   1104.00
09:59:36 AM    166.33    155.67     10.67   1256.00   2013.33
09:59:39 AM    181.00    175.33      5.67   1413.33    954.67
09:59:42 AM    168.00    148.33     19.67   1218.67   4485.33
09:59:45 AM    206.02    167.56     38.46   1447.49   9621.40
09:59:48 AM    163.55    162.54      1.00   1313.71     10.70
09:59:51 AM    166.33    166.33      0.00   1344.00      0.00
09:59:54 AM    180.40    179.73      0.66   1461.79      7.97
09:59:57 AM    180.33    180.33      0.00   1504.00      0.00
10:00:00 AM    163.00    162.33      0.67   1301.33      8.00
10:00:03 AM    144.67    144.00      0.67   1272.00      5.33
10:00:06 AM    152.33    151.67      0.67   1512.00     13.33
10:00:09 AM    118.27    117.61      0.66   1023.26    146.18
10:00:12 AM    141.33    135.00      6.33   1264.00   1264.00
10:00:15 AM    145.15    140.80      4.35   1195.99    628.76
10:00:18 AM    158.33    120.00     38.33   1589.33   8952.00
10:00:21 AM    139.33    139.33      0.00   1794.67      0.00
10:00:24 AM    130.77    130.10      0.67   1616.05     10.70
10:00:27 AM    139.53    138.54      1.00   1140.20     26.58
10:00:30 AM    124.33    124.33      0.00   1000.00      0.00
10:00:33 AM    131.67    131.00      0.67   1050.67     10.67
10:00:36 AM    141.14    141.14      0.00   1129.10      0.00
10:00:39 AM    166.67    158.67      8.00   1290.67   1258.67
10:00:42 AM    155.33    155.33      0.00   1256.00      0.00
Average:       100.26     92.64      7.63    817.26   1615.67
