Linux 4.2.2 (vm1_27) 	07/18/2017 	_x86_64_	(1 CPU)

09:48:29 AM       tps      rtps      wtps   bread/s   bwrtn/s
09:48:32 AM     16.61     16.61      0.00    507.64      0.00
09:48:35 AM      0.67      0.00      0.67      0.00     21.40
09:48:38 AM      2.00      0.00      2.00      0.00     16.00
09:48:41 AM      0.66      0.00      0.66      0.00      7.97
09:48:44 AM      0.33      0.00      0.33      0.00      2.67
09:48:47 AM      0.67      0.00      0.67      0.00      8.00
09:48:50 AM      0.00      0.00      0.00      0.00      0.00
09:48:53 AM      0.67      0.00      0.67      0.00      8.00
09:48:56 AM      0.00      0.00      0.00      0.00      0.00
09:48:59 AM      0.66      0.00      0.66      0.00      7.97
09:49:02 AM      0.33      0.00      0.33      0.00      2.67
09:49:05 AM      0.67      0.00      0.67      0.00     13.38
09:49:08 AM      0.33      0.00      0.33      0.00      2.67
09:49:11 AM      0.67      0.00      0.67      0.00     16.00
09:49:14 AM      1.33      0.00      1.33      0.00     13.33
09:49:17 AM      0.67      0.00      0.67      0.00      8.00
09:49:20 AM      0.00      0.00      0.00      0.00      0.00
09:49:23 AM      0.67      0.00      0.67      0.00      8.00
09:49:26 AM      0.00      0.00      0.00      0.00      0.00
09:49:29 AM      0.67      0.00      0.67      0.00      8.00
09:49:32 AM      0.00      0.00      0.00      0.00      0.00
09:49:35 AM      0.67      0.00      0.67      0.00      8.03
09:49:38 AM      0.33      0.00      0.33      0.00      2.67
09:49:41 AM      0.67      0.00      0.67      0.00      8.00
09:49:44 AM      0.33      0.00      0.33      0.00      2.66
09:49:47 AM      1.00      0.00      1.00      0.00     10.67
09:49:50 AM      0.00      0.00      0.00      0.00      0.00
09:49:53 AM      0.67      0.00      0.67      0.00      8.00
09:49:56 AM      0.00      0.00      0.00      0.00      0.00
09:49:59 AM      0.67      0.00      0.67      0.00      8.00
09:50:02 AM     15.33     15.33      0.00    354.67      0.00
09:50:05 AM     29.00     27.67      1.33    594.67     21.33
09:50:08 AM      0.33      0.00      0.33      0.00      2.66
09:50:11 AM      0.67      0.00      0.67      0.00     13.38
09:50:14 AM      0.33      0.00      0.33      0.00      2.67
09:50:17 AM      1.00      0.00      1.00      0.00     10.67
09:50:20 AM      0.00      0.00      0.00      0.00      0.00
09:50:23 AM      0.67      0.00      0.67      0.00      8.00
09:50:26 AM      0.00      0.00      0.00      0.00      0.00
09:50:29 AM      1.33      0.00      1.33      0.00     18.67
09:50:32 AM      0.00      0.00      0.00      0.00      0.00
09:50:35 AM      0.67      0.00      0.67      0.00      8.03
09:50:38 AM      1.33      0.33      1.00      2.66      7.97
09:50:41 AM      0.67      0.00      0.67      0.00     18.73
09:50:44 AM      0.00      0.00      0.00      0.00      0.00
09:50:47 AM      1.00      0.00      1.00      0.00     10.67
09:50:50 AM      0.00      0.00      0.00      0.00      0.00
09:50:53 AM      1.00      0.00      1.00      0.00     10.70
09:50:56 AM      0.00      0.00      0.00      0.00      0.00
09:50:59 AM      0.66      0.00      0.66      0.00      7.97
09:51:02 AM      1.33      0.00      1.33      0.00     10.67
09:51:05 AM      0.66      0.00      0.66      0.00      7.97
09:51:08 AM      0.00      0.00      0.00      0.00      0.00
09:51:11 AM      0.67      0.00      0.67      0.00     10.67
09:51:14 AM      0.00      0.00      0.00      0.00      0.00
09:51:17 AM      0.67      0.00      0.67      0.00      8.00
09:51:20 AM      0.00      0.00      0.00      0.00      0.00
09:51:23 AM      1.00      0.00      1.00      0.00     10.67
09:51:26 AM      0.00      0.00      0.00      0.00      0.00
09:51:29 AM      1.00      0.00      1.00      0.00     10.63
09:51:32 AM      0.00      0.00      0.00      0.00      0.00
09:51:39 AM    307.94     28.04    279.90   1299.87  60395.39
09:51:41 AM    260.98     36.59    224.39   1112.20  54263.41
09:51:44 AM    374.15     50.68    323.47    628.57  74065.31
09:51:47 AM    304.04     54.88    249.16    673.40  57600.00
09:51:50 AM    167.12    167.12      0.00   1449.32      0.00
09:51:53 AM    156.38    155.70      0.67   1401.34      8.05
09:51:56 AM    153.82    153.49      0.33   1227.91      5.32
09:51:59 AM    150.00    149.67      0.33   1197.33      2.67
09:52:02 AM    146.67    146.33      0.33   1229.33      5.33
09:52:05 AM    143.33    143.00      0.33   1293.33      2.67
09:52:08 AM    130.67    130.33      0.33   1240.00      5.33
09:52:11 AM    157.33    157.00      0.33   1554.67      2.67
09:52:14 AM    152.67    152.00      0.67   1226.67     10.67
09:52:17 AM    157.67    157.33      0.33   1258.67      2.67
09:52:20 AM    148.00    147.00      1.00   1176.00     16.00
09:52:23 AM    155.18    154.85      0.33   1238.80      2.68
09:52:26 AM    149.83    149.50      0.33   1421.93      7.97
09:52:29 AM    150.84    150.50      0.33   1204.01      2.68
09:52:32 AM    152.82    152.49      0.33   1219.93      5.32
09:52:35 AM    153.85    153.51      0.33   1444.82      2.68
09:52:38 AM    136.00    135.67      0.33   1746.67      5.33
09:52:41 AM    134.78    134.45      0.33   1086.29      2.68
09:52:44 AM    152.00    151.67      0.33   1213.33      5.33
09:52:47 AM    158.47    158.14      0.33   1265.12      2.66
09:52:50 AM    163.33    161.67      1.67   1293.33     16.00
09:52:53 AM    163.67    163.00      0.67   1304.00      5.33
09:52:56 AM    156.33    156.00      0.33   1264.00      5.33
09:52:59 AM    158.00    157.67      0.33   1272.00      2.67
09:53:02 AM    156.67    156.33      0.33   1250.67      5.33
09:53:05 AM    150.00    149.67      0.33   1197.33      2.67
09:53:08 AM    154.33    154.00      0.33   1264.00      5.33
09:53:11 AM    153.00    152.67      0.33   1226.67      2.67
09:53:14 AM    148.00    147.67      0.33   1181.33      8.00
09:53:17 AM    156.00    155.67      0.33   1245.33      2.67
09:53:20 AM    152.00    151.67      0.33   1224.00      5.33
09:53:23 AM    143.00    142.00      1.00   1136.00      8.00
09:53:26 AM    149.00    148.67      0.33   1200.00     10.67
09:53:29 AM    154.49    153.82      0.66   1235.88      5.32
09:53:32 AM    135.45    135.12      0.33   1094.31      5.35
09:53:35 AM    135.67    135.33      0.33   1082.67      2.67
09:53:38 AM    133.33    133.00      0.33   1064.00      5.33
09:53:41 AM    132.67    132.33      0.33   1058.67      2.67
09:53:44 AM    142.33    142.00      0.33   1136.00      5.33
09:53:47 AM    136.00    135.67      0.33   1085.33      2.67
09:53:50 AM    142.67    141.33      1.33   1130.67     13.33
09:53:53 AM    139.00    138.67      0.33   1109.33      2.67
09:53:56 AM    133.00    132.67      0.33   1061.33      5.33
09:53:59 AM    138.67    138.00      0.67   1104.00      5.33
09:54:02 AM    135.67    135.33      0.33   1082.67      5.33
Average:        74.62     62.21     12.41    556.75   2663.82
