Linux 4.2.2 (vm1_27) 	07/18/2017 	_x86_64_	(1 CPU)

09:08:32 AM       tps      rtps      wtps   bread/s   bwrtn/s
09:08:35 AM     17.00     16.33      0.67    512.00      5.33
09:08:38 AM      0.67      0.00      0.67      0.00     21.33
09:08:41 AM      0.00      0.00      0.00      0.00      0.00
09:08:44 AM      0.67      0.00      0.67      0.00      8.00
09:08:47 AM      0.33      0.00      0.33      0.00      2.66
09:08:50 AM      0.33      0.00      0.33      0.00      5.32
09:08:53 AM      0.33      0.00      0.33      0.00      2.68
09:08:56 AM      0.33      0.00      0.33      0.00      5.32
09:08:59 AM      0.33      0.00      0.33      0.00      2.67
09:09:02 AM      0.33      0.00      0.33      0.00      8.03
09:09:05 AM      1.00      0.33      0.67      2.67      5.33
09:09:08 AM      2.99      0.33      2.66      2.66     34.55
09:09:11 AM      0.00      0.00      0.00      0.00      0.00
09:09:14 AM      0.33      0.00      0.33      0.00      5.33
09:09:17 AM      0.33      0.00      0.33      0.00      2.67
09:09:20 AM      0.33      0.00      0.33      0.00      5.33
09:09:23 AM      0.33      0.00      0.33      0.00      2.66
09:09:26 AM      0.33      0.00      0.33      0.00      5.35
09:09:29 AM      0.33      0.00      0.33      0.00      2.67
09:09:32 AM      0.33      0.00      0.33      0.00      5.33
09:09:35 AM      0.33      0.00      0.33      0.00      2.67
09:09:38 AM      1.00      0.00      1.00      0.00     10.67
09:09:41 AM      0.00      0.00      0.00      0.00      0.00
09:09:44 AM      1.67      0.00      1.67      0.00     18.67
09:09:47 AM      0.33      0.00      0.33      0.00      2.66
09:09:50 AM      0.33      0.00      0.33      0.00      5.33
09:09:53 AM      0.33      0.00      0.33      0.00      2.67
09:09:56 AM      0.33      0.00      0.33      0.00      5.33
09:09:59 AM      0.33      0.00      0.33      0.00      2.67
09:10:02 AM      4.33      4.33      0.00    266.67      0.00
09:10:05 AM     48.00     46.33      1.67    773.33     24.00
09:10:08 AM      4.00      3.00      1.00     24.00     29.33
09:10:11 AM      0.33      0.00      0.33      0.00      7.97
09:10:14 AM      0.66      0.00      0.66      0.00      5.32
09:10:17 AM      0.33      0.00      0.33      0.00      5.35
09:10:20 AM      0.67      0.00      0.67      0.00      5.33
09:10:23 AM      0.33      0.00      0.33      0.00      5.33
09:10:26 AM      0.33      0.00      0.33      0.00      2.66
09:10:29 AM      0.33      0.00      0.33      0.00      5.35
09:10:32 AM      0.33      0.00      0.33      0.00      2.66
09:10:35 AM      0.33      0.00      0.33      0.00      5.32
09:10:38 AM      2.68      0.00      2.68      0.00     26.76
09:10:41 AM      0.33      0.00      0.33      0.00      5.33
09:10:44 AM      0.33      0.00      0.33      0.00      2.67
09:10:47 AM      0.33      0.00      0.33      0.00      8.00
09:10:50 AM      0.66      0.00      0.66      0.00      2.66
09:10:53 AM      1.00      0.00      1.00      0.00     10.67
09:10:56 AM      0.00      0.00      0.00      0.00      0.00
09:10:59 AM      0.67      0.00      0.67      0.00     10.67
09:11:02 AM      0.00      0.00      0.00      0.00      0.00
09:11:05 AM      0.33      0.00      0.33      0.00      5.33
09:11:08 AM      0.33      0.00      0.33      0.00      2.66
09:11:11 AM      0.33      0.00      0.33      0.00      5.32
09:11:14 AM      0.33      0.00      0.33      0.00      2.68
09:11:17 AM      0.33      0.00      0.33      0.00      5.33
09:11:20 AM      0.33      0.00      0.33      0.00      2.66
09:11:23 AM      1.00      0.00      1.00      0.00     10.67
09:11:26 AM      0.00      0.00      0.00      0.00      0.00
09:11:29 AM      1.00      0.00      1.00      0.00     10.67
09:11:32 AM      0.33      0.00      0.33      0.00      2.67
09:11:35 AM      0.33      0.00      0.33      0.00      5.35
09:11:45 AM    330.60    124.37    206.22   1969.92  45740.36
09:11:50 AM    266.98    266.36      0.62   2654.32      7.41
09:11:53 AM    306.40    306.06      0.34   2575.08      5.39
09:11:56 AM    319.67    319.33      0.33   2618.67      2.67
09:11:59 AM    304.33    304.00      0.33   2480.00      5.33
09:12:02 AM    279.33    279.00      0.33   2730.67      2.67
09:12:05 AM    336.45    336.12      0.33   2820.07      8.03
09:12:08 AM    296.68    296.35      0.33   2535.55      2.66
09:12:11 AM    311.33    311.00      0.33   2600.00      5.33
09:12:14 AM    317.00    316.33      0.67   2605.33      5.33
09:12:17 AM    300.67    300.33      0.33   2504.35      5.35
09:12:20 AM    282.72    282.39      0.33   2349.50      2.66
09:12:23 AM    297.33    296.33      1.00   2693.33     21.33
09:12:26 AM    293.33    293.00      0.33   2453.33      0.00
09:12:29 AM    310.33    310.00      0.33   2554.67     10.67
09:12:32 AM    293.67    293.33      0.33   2485.33      0.00
09:12:35 AM    309.33    309.00      0.33   2562.67      5.33
09:12:38 AM    247.49    246.15      1.34   2806.69     10.70
09:12:41 AM    250.50    250.17      0.33   2349.50      5.32
09:12:44 AM    276.25    275.92      0.33   2330.43      2.68
09:12:47 AM    315.67    315.33      0.33   2658.67      5.33
09:12:50 AM    275.67    275.00      0.67   2320.00      5.33
09:12:53 AM    302.33    302.00      0.33   2541.33      5.33
09:12:56 AM    307.31    306.98      0.33   2617.94      2.66
09:12:59 AM    300.67    300.00      0.67   2563.21      8.03
09:13:02 AM    261.79    261.46      0.33   2187.38      2.66
09:13:05 AM    287.33    287.00      0.33   2469.33      8.00
09:13:08 AM    291.64    291.30      0.33   2474.92      2.68
09:13:11 AM    316.33    316.00      0.33   2685.33      5.33
09:13:14 AM    303.33    303.00      0.33   2597.33      2.67
09:13:17 AM    288.37    288.04      0.33   2466.45      5.32
09:13:20 AM    311.37    311.04      0.33   2662.21      2.68
09:13:23 AM    254.67    253.33      1.33   2192.00     18.67
09:13:26 AM    296.00    285.67     10.33   2493.33   2221.33
09:13:29 AM    223.92    221.59      2.33   1918.94    398.67
09:13:32 AM    173.24    123.08     50.17   1115.72  12157.86
09:13:35 AM    146.33    145.67      0.67   1258.67      8.00
09:13:38 AM    142.00    140.67      1.33   1269.33     10.67
09:13:41 AM    160.67    160.33      0.33   1400.00      5.33
09:13:44 AM    180.00    179.67      0.33   1581.33      2.67
09:13:47 AM    169.00    168.67      0.33   1496.00      5.33
09:13:50 AM    157.00    156.67      0.33   1373.33      2.67
09:13:53 AM    167.00    164.67      2.33   1506.67    365.33
09:13:56 AM    173.75    165.78      7.97   1445.85   1461.79
09:13:59 AM    157.33    154.00      3.33   1309.33    416.00
09:14:02 AM    124.08    123.75      0.33   1575.92      2.68
09:14:05 AM    138.67    132.67      6.00   1165.33   1408.00
09:14:08 AM    132.56    129.90      2.66   1169.44    443.85
09:14:11 AM    163.79    156.81      6.98   1350.17   1339.53
Average:       119.68    111.38      8.30   1008.78   1746.05
