Linux 4.2.2 (vm1_27) 	07/18/2017 	_x86_64_	(1 CPU)

01:12:00 AM       tps      rtps      wtps   bread/s   bwrtn/s
01:12:03 AM     22.26     22.26      0.00    295.02      0.00
01:12:06 AM      0.67      0.00      0.67      0.00     24.00
01:12:09 AM      0.00      0.00      0.00      0.00      0.00
01:12:12 AM      0.33      0.00      0.33      0.00      8.03
01:12:15 AM      0.66      0.00      0.66      0.00      2.66
01:12:18 AM      0.66      0.33      0.33     85.05      7.97
01:12:21 AM      0.33      0.00      0.33      0.00      0.00
01:12:24 AM      0.67      0.00      0.67      0.00      8.00
01:12:27 AM      0.00      0.00      0.00      0.00      0.00
01:12:30 AM      0.66      0.00      0.66      0.00      7.97
01:12:33 AM      0.00      0.00      0.00      0.00      0.00
01:12:36 AM      1.99      0.66      1.33      5.32     23.92
01:12:39 AM      2.67      0.00      2.67      0.00     24.00
01:12:42 AM      0.67      0.00      0.67      0.00      8.03
01:12:45 AM      0.00      0.00      0.00      0.00      0.00
01:12:48 AM      0.67      0.00      0.67      0.00      8.03
01:12:51 AM      0.00      0.00      0.00      0.00      0.00
01:12:54 AM      0.67      0.00      0.67      0.00      8.03
01:12:57 AM      0.00      0.00      0.00      0.00      0.00
01:13:00 AM      0.66      0.00      0.66      0.00     10.63
01:13:03 AM      0.00      0.00      0.00      0.00      0.00
01:13:06 AM      0.67      0.00      0.67      0.00      8.03
01:13:09 AM      0.67      0.00      0.67      0.00      5.33
01:13:12 AM      0.66      0.00      0.66      0.00      7.97
01:13:15 AM      0.33      0.00      0.33      0.00      2.67
01:13:18 AM      0.67      0.00      0.67      0.00      8.00
01:13:21 AM      0.00      0.00      0.00      0.00      0.00
01:13:24 AM      0.66      0.00      0.66      0.00      7.97
01:13:27 AM      0.00      0.00      0.00      0.00      0.00
01:13:30 AM      0.33      0.00      0.33      0.00      5.33
01:13:33 AM      0.33      0.00      0.33      0.00      2.67
01:13:36 AM      0.33      0.00      0.33      0.00      7.97
01:13:39 AM      0.33      0.00      0.33      0.00      0.00
01:13:42 AM      0.66      0.00      0.66      0.00      7.97
01:13:45 AM      0.67      0.00      0.67      0.00      5.33
01:13:48 AM      0.67      0.00      0.67      0.00      8.00
01:13:51 AM      0.00      0.00      0.00      0.00      0.00
01:13:54 AM      0.67      0.00      0.67      0.00      8.03
01:13:57 AM      0.00      0.00      0.00      0.00      0.00
01:14:00 AM      0.67      0.00      0.67      0.00     10.67
01:14:03 AM      0.00      0.00      0.00      0.00      0.00
01:14:06 AM      0.67      0.00      0.67      0.00      8.00
01:14:09 AM      0.00      0.00      0.00      0.00      0.00
01:14:12 AM      0.33      0.00      0.33      0.00      7.97
01:14:15 AM      0.33      0.00      0.33      0.00      0.00
01:14:18 AM      0.67      0.00      0.67      0.00      8.03
01:14:21 AM      0.66      0.00      0.66      0.00      5.32
01:14:24 AM      0.67      0.00      0.67      0.00      8.00
01:14:27 AM      0.00      0.00      0.00      0.00      0.00
01:14:30 AM      1.00      0.00      1.00      0.00     10.63
01:14:33 AM      0.00      0.00      0.00      0.00      0.00
01:14:36 AM      0.66      0.00      0.66      0.00      7.97
01:14:39 AM      0.00      0.00      0.00      0.00      0.00
01:14:42 AM      0.66      0.00      0.66      0.00      7.97
01:14:45 AM      0.00      0.00      0.00      0.00      0.00
01:14:48 AM      0.67      0.00      0.67      0.00      8.03
01:14:51 AM      0.00      0.00      0.00      0.00      0.00
01:14:54 AM      1.33      0.00      1.33      0.00     13.33
01:14:57 AM      0.00      0.00      0.00      0.00      0.00
01:15:00 AM      0.66      0.00      0.66      0.00     10.63
01:15:03 AM      6.93      0.00      6.93      0.00    712.87
01:15:08 AM   1338.20   1036.66    301.54  11487.14  65933.21
01:15:12 AM   4461.13   4282.79    178.34  41640.36  36078.34
01:15:15 AM   3342.42   3197.98    144.44  35062.63  27711.78
01:15:18 AM   1110.00   1041.33     68.67  11114.67  13416.00
01:15:21 AM    593.33    549.00     44.33   6229.33  10120.00
01:15:24 AM    961.00    931.33     29.67   9720.00   3912.00
01:15:27 AM   1084.67    997.00     87.67  10373.33   8005.33
01:15:30 AM   1163.67   1041.67    122.00  11120.00   9856.00
01:15:33 AM    988.96    887.29    101.67   9487.63   6215.38
01:15:36 AM   1152.09   1044.05    108.04  12077.17   7333.76
01:15:39 AM   1679.86   1529.69    150.17  17296.93  14094.20
01:15:42 AM   1253.20   1134.59    118.60  11572.09  11123.26
01:15:45 AM   2610.33   2393.67    216.67  29189.33  25333.33
01:15:49 AM    892.17    803.19     88.99  10794.20  11211.59
01:15:52 AM   1239.33   1156.00     83.33  12178.67   7826.67
01:15:55 AM   1288.37   1175.08    113.29  12656.48  11534.88
01:15:58 AM   1402.67   1272.67    130.00  14560.00  12701.33
01:16:01 AM   1095.75    997.06     98.69  11064.05  11079.74
01:16:04 AM   1801.34   1655.03    146.31  20169.13  15946.31
01:16:07 AM   1183.16   1084.22     98.93  13185.03  14705.88
01:16:10 AM   2088.32   1937.96    150.36  24686.13  13243.80
01:16:13 AM   1128.33   1022.67    105.67  12976.00  11456.00
01:16:16 AM   1710.33   1553.33    157.00  18538.67  15893.33
01:16:19 AM   1076.67    963.67    113.00  13306.67  10698.67
01:16:22 AM   1523.00   1380.67    142.33  15232.00  10722.67
01:16:25 AM   1190.03   1086.71    103.32  13796.68  11457.81
01:16:28 AM   2060.54   1901.00    159.53  21426.09  19689.63
01:16:31 AM   1015.58    910.28    105.30  11641.12  10265.42
01:16:34 AM   1696.42   1561.89    134.53  18082.08  15421.50
01:16:37 AM   1193.27   1086.87    106.40  13214.81  13723.91
01:16:40 AM   1557.48   1402.66    154.82  16962.13  13358.14
01:16:43 AM    995.00    911.33     83.67  10605.33   8634.67
01:16:47 AM   1075.69    974.03    101.66  10609.94  10419.89
01:16:50 AM   1588.04   1468.11    119.93  17921.59  11593.36
01:16:53 AM   2072.58   1891.30    181.27  19745.82  17824.75
01:16:56 AM    992.69    871.76    120.93  10633.89   9382.06
01:17:00 AM   1553.62   1420.29    133.33  18251.21  16050.24
01:17:03 AM   1809.94   1669.55    140.38  20330.77  19238.46
01:17:06 AM   1033.33    948.33     85.00  11424.00   8538.67
01:17:09 AM    480.00    429.00     51.00   5184.00   3154.67
01:17:12 AM    858.80    788.70     70.10   9892.36   5424.58
01:17:15 AM   1112.33    996.00    116.33   9746.67   7101.33
01:17:18 AM    973.51    877.48     96.03   8948.34  11284.77
01:17:21 AM   1488.00   1366.00    122.00  13744.00   9016.00
01:17:25 AM   1167.65   1044.61    123.04  11203.92  11772.55
01:17:28 AM   2509.02   2303.38    205.64  24345.86  18784.96
01:17:31 AM   1080.27    965.89    114.38  11879.60  14833.44
01:17:34 AM   1987.33   1839.33    148.00  23408.00  17805.33
01:17:37 AM    791.54    671.60    119.94   9969.79   8087.01
Average:       655.09    597.84     57.25   6850.59   6684.38
