Linux 4.2.2 (vm3_28) 	07/18/2017 	_x86_64_	(1 CPU)

09:28:26 AM       tps      rtps      wtps   bread/s   bwrtn/s
09:28:29 AM    225.76     75.93    149.83  19438.64  36241.36
09:28:32 AM    188.93     80.54    108.39  20617.45  26204.03
09:28:35 AM    263.42     75.17    188.26  19242.95  45503.36
09:28:38 AM    257.38     80.54    176.85  20617.45  42754.36
09:28:41 AM    268.46     80.54    187.92  20617.45  45500.67
09:28:44 AM    270.03     80.81    189.23  20686.87  45664.65
09:28:47 AM    236.49     75.68    160.81  19372.97  38878.38
09:28:50 AM    257.72     80.54    177.18  20617.45  42743.62
09:28:53 AM    272.48    107.38    165.10  27489.93  39983.89
09:28:56 AM    195.30     48.32    146.98  12370.47  35838.93
09:28:59 AM    260.94     80.81    180.13  20686.87  42919.87
09:29:02 AM    276.61     92.20    184.41  23604.07  44572.20
09:29:05 AM    246.80     75.42    171.38  19307.74  41503.03
09:29:08 AM    208.45     75.68    132.77  19372.97  32108.11
09:29:11 AM    262.63     80.81    181.82  20686.87  44105.05
09:29:14 AM    201.01     75.42    125.59  19307.74  30437.71
09:29:17 AM    247.64     81.08    166.55  20756.76  40267.57
09:29:20 AM    275.42     80.81    194.61  20686.87  47035.69
09:29:23 AM    257.38     80.54    176.85  20617.45  42754.36
09:29:26 AM    258.78     81.08    177.70  20756.76  43029.73
09:29:29 AM    254.05     81.08    172.97  20756.76  41659.46
09:29:32 AM    253.54     80.81    172.73  20686.87  41511.11
09:29:35 AM    262.75     85.91    176.85  21991.95  42754.36
09:29:38 AM    235.69     75.42    160.27  19307.74  38742.09
09:29:41 AM    252.19     86.20    165.99  22065.99  40131.99
09:29:44 AM    257.05     80.54    176.51  20617.45  42732.89
09:29:47 AM    245.97     80.54    165.44  20617.45  39994.63
09:29:50 AM    263.09     80.54    182.55  20617.45  44120.81
09:29:53 AM    241.41     70.03    171.38  17928.62  41503.03
09:29:56 AM    290.91    107.74    183.16  27582.49  44263.97
09:29:59 AM    245.48     74.92    170.57  19178.60  41225.42
09:30:02 AM    197.31     53.87    143.43  13791.25  34604.71
09:30:05 AM    126.85     53.69     73.15  13744.97  17922.15
09:30:08 AM     97.32     16.05     81.27   4109.70  19258.86
09:30:11 AM    160.40     64.43     95.97  16493.96  23428.19
09:30:14 AM    184.23     59.06    125.17  15119.46  30343.62
09:30:17 AM    264.19     86.49    177.70  22140.54  43027.03
09:30:20 AM    263.85     91.89    171.96  23524.32  41635.14
09:30:23 AM    253.72     75.68    178.04  19372.97  43035.14
09:30:26 AM    241.41     75.42    165.99  19307.74  40123.91
09:30:29 AM    270.27     86.49    183.78  22140.54  44421.62
09:30:32 AM    252.68     80.54    172.15  20617.45  41374.50
09:30:35 AM    241.41     75.42    165.99  19307.74  40123.91
09:30:38 AM    236.49     70.27    166.22  17989.19  40262.16
09:30:41 AM    242.23     75.68    166.55  19372.97  40262.16
09:30:44 AM    241.75     70.03    171.72  17928.62  41511.11
09:30:47 AM    252.86     75.42    177.44  19307.74  42890.24
09:30:50 AM    301.35    118.52    182.83  30340.74  44269.36
09:30:53 AM    253.04     86.49    166.55  22140.54  40256.76
09:30:56 AM    258.11     81.08    177.03  20756.76  43027.03
09:30:59 AM    262.54     80.27    182.27  20548.49  43981.27
09:31:02 AM    200.33     69.57    130.77  17808.70  31614.72
09:31:05 AM    196.64     42.95    153.69  10995.97  37234.90
09:31:08 AM    236.36     70.03    166.33  17928.62  40121.21
09:31:11 AM    303.73    119.32    184.41  30546.44  44577.63
09:31:14 AM    236.03     70.03    165.99  17928.62  40115.82
09:31:17 AM    237.37     64.65    172.73  16549.49  41513.80
09:31:20 AM    257.91     80.81    177.10  20686.87  42895.62
09:31:23 AM    296.96    124.32    172.64  31827.03  41648.65
09:31:26 AM    247.47     70.03    177.44  17928.62  42876.77
09:31:29 AM    229.53     69.80    159.73  17868.46  38609.40
09:31:32 AM    228.52     75.17    153.36  19242.95  37221.48
09:31:35 AM    218.52     75.42    143.10  19307.74  34583.16
09:31:38 AM     17.33      0.00     17.33      0.00   4114.67
09:31:41 AM     16.61      0.00     16.61      0.00   4095.68
09:31:44 AM      5.98      0.00      5.98      0.00   1368.77
09:31:47 AM     22.74      0.00     22.74      0.00   5501.00
09:31:50 AM     55.67     21.33     34.33   5461.33   8226.67
09:31:53 AM     40.13      5.35     34.78   1369.90   8259.53
09:31:56 AM     87.33     53.33     34.00  13653.33   8224.00
09:31:59 AM     33.44      0.00     33.44      0.00   8243.48
09:32:02 AM     28.57      0.00     28.57      0.00   6835.88
09:32:05 AM     33.44      5.35     28.09   1369.90   6873.58
09:32:08 AM     55.70     21.48     34.23   5497.99   8279.19
09:32:11 AM     44.82     16.05     28.76   4109.70   6878.93
09:32:14 AM     65.77     37.58     28.19   9621.48   6896.64
09:32:17 AM     28.67      0.00     28.67      0.00   6856.00
09:32:20 AM     33.67      5.33     28.33   1365.33   6853.33
09:32:23 AM     50.17     10.70     39.46   2739.80   9621.40
09:32:26 AM     39.33     10.67     28.67   2730.67   6856.00
09:32:29 AM     56.38     26.85     29.53   6872.48   6907.38
09:32:32 AM     50.34     21.48     28.86   5497.99   6902.01
09:32:35 AM     38.67     10.67     28.00   2730.67   6850.67
09:32:38 AM     44.67     16.00     28.67   4096.00   6856.00
09:32:41 AM     34.00      0.00     34.00      0.00   8224.00
09:32:44 AM     22.67      0.00     22.67      0.00   5485.33
09:32:47 AM     71.14     42.95     28.19  10995.97   6896.64
09:32:50 AM     39.46      5.35     34.11   1369.90   8251.51
09:32:53 AM     60.87     26.76     34.11   6849.50   8243.48
09:32:56 AM     34.11      5.35     28.76   1369.90   6878.93
09:32:59 AM     28.00      5.33     22.67   1365.33   5482.67
09:33:02 AM     49.83     21.40     28.43   5479.60   6873.58
09:33:05 AM     28.33      0.00     28.33      0.00   6853.33
09:33:08 AM     50.00     21.33     28.67   5461.33   6856.00
09:33:11 AM     49.50     21.40     28.09   5479.60   6873.58
09:33:14 AM     39.46      5.35     34.11   1369.90   8251.51
09:33:17 AM     45.00     16.00     29.00   4096.00   6861.33
09:33:20 AM     39.00     10.67     28.33   2730.67   6848.00
09:33:23 AM     38.67     10.67     28.00   2730.67   6850.67
09:33:26 AM     71.81     42.95     28.86  10995.97   6902.01
09:33:29 AM     28.24      0.00     28.24      0.00   6830.56
09:33:32 AM     28.76      0.00     28.76      0.00   6878.93
09:33:35 AM     22.74      0.00     22.74      0.00   5501.00
09:33:38 AM     44.48     16.05     28.43   4109.70   6876.25
09:33:41 AM     39.33     10.67     28.67   2730.67   6856.00
09:33:44 AM     76.85     48.32     28.52  12370.47   6893.96
09:33:47 AM     28.00      0.00     28.00      0.00   6850.67
09:33:50 AM     34.11      5.35     28.76   1369.90   6878.93
09:33:53 AM     34.00      0.00     34.00      0.00   8224.00
09:33:56 AM     33.33      5.33     28.00   1365.33   6850.67
Average:       155.45     49.72    105.73  12728.18  25553.53
