Linux 4.2.2 (vm3_28) 	07/18/2017 	_x86_64_	(1 CPU)

09:21:47 AM       tps      rtps      wtps   bread/s   bwrtn/s
09:21:50 AM    243.20     92.52    150.68  23684.35  36361.90
09:21:53 AM    191.92     70.03    121.89  17928.62  29069.36
09:21:56 AM    270.03     75.42    194.61  19307.74  47027.61
09:21:59 AM    274.75     91.58    183.16  23445.12  44269.36
09:22:02 AM    299.32    103.05    196.27  26381.02  47354.58
09:22:05 AM    234.11     64.21    169.90  16438.80  41217.39
09:22:08 AM    229.53     75.17    154.36  19242.95  37240.27
09:22:11 AM    251.34     75.17    176.17  19242.95  42735.57
09:22:14 AM    268.12     91.28    176.85  23366.44  42748.99
09:22:17 AM    295.30    112.75    182.55  28864.43  44123.49
09:22:20 AM    242.57     70.27    172.30  17989.19  41640.54
09:22:23 AM    246.31     75.17    171.14  19242.95  41379.87
09:22:26 AM    253.87     80.81    173.06  20686.87  41521.89
09:22:29 AM    246.80     75.42    171.38  19307.74  41508.42
09:22:32 AM    219.19     64.65    154.55  16549.49  37357.58
09:22:35 AM    201.34     64.43    136.91  16493.96  33103.36
09:22:38 AM    257.38     80.54    176.85  20617.45  42748.99
09:22:41 AM    279.12     96.97    182.15  24824.24  44263.97
09:22:44 AM    243.24     64.86    178.38  16605.41  43048.65
09:22:47 AM    260.00     81.36    178.64  20827.12  43175.59
09:22:50 AM    250.50     80.27    170.23  20548.49  41228.09
09:22:53 AM    297.30    113.51    183.78  29059.46  44418.92
09:22:56 AM    248.31     86.49    161.82  22140.54  38878.38
09:22:59 AM    203.03     43.10    159.93  11033.00  38728.62
09:23:02 AM    252.35     80.54    171.81  20617.45  41374.50
09:23:05 AM    283.89    107.38    176.51  27489.93  42746.31
09:23:08 AM    258.59     80.81    177.78  20686.87  42898.32
09:23:11 AM    240.74     80.81    159.93  20686.87  38739.39
09:23:14 AM    263.97     80.81    183.16  20686.87  44272.05
09:23:17 AM    240.27     69.80    170.47  17868.46  41361.07
09:23:20 AM    269.13     80.54    188.59  20617.45  45500.67
09:23:23 AM    207.07     70.03    137.04  17928.62  33206.73
09:23:26 AM    218.46     75.17    143.29  19242.95  34491.28
09:23:29 AM    253.38     81.08    172.30  20756.76  41659.46
09:23:32 AM    254.39     75.68    178.72  19372.97  43040.54
09:23:35 AM    246.80     75.42    171.38  19307.74  41500.34
09:23:38 AM    253.54     80.81    172.73  20686.87  41519.19
09:23:41 AM    283.89    107.38    176.51  27489.93  42743.62
09:23:44 AM    268.46     91.28    177.18  23366.44  42743.62
09:23:47 AM    239.46     74.92    164.55  19178.60  39852.84
09:23:50 AM    252.01     75.17    176.85  19242.95  42738.26
09:23:53 AM    223.49     75.17    148.32  19242.95  35855.03
09:23:56 AM    242.91     70.27    172.64  17989.19  41640.54
09:23:59 AM    254.24     81.36    172.88  20827.12  41800.68
09:24:02 AM    251.17     74.92    176.25  19178.60  42606.02
09:24:05 AM    266.00     96.00    170.00  24576.00  41098.67
09:24:08 AM    241.28     75.17    166.11  19242.95  39986.58
09:24:11 AM    269.02     86.20    182.83  22065.99  44272.05
09:24:14 AM    239.93     80.54    159.40  20617.45  38614.77
09:24:17 AM    236.49     75.68    160.81  19372.97  38881.08
09:24:20 AM    230.74     70.27    160.47  17989.19  38870.27
09:24:23 AM    258.45     91.89    166.55  23524.32  40259.46
09:24:26 AM    259.46     75.68    183.78  19372.97  44416.22
09:24:29 AM    252.70     75.68    177.03  19372.97  43032.43
09:24:32 AM    268.79     85.91    182.89  21991.95  44131.54
09:24:35 AM    246.80     75.42    171.38  19307.74  41511.11
09:24:38 AM    264.31     80.81    183.50  20686.87  44274.75
09:24:41 AM    230.64     75.42    155.22  19307.74  37357.58
09:24:44 AM    253.38     75.68    177.70  19372.97  43032.43
09:24:47 AM    262.75     85.91    176.85  21991.95  42751.68
09:24:50 AM    235.23     75.17    160.07  19242.95  38612.08
09:24:53 AM    287.41    108.84    178.57  27863.95  43319.73
09:24:56 AM    146.31     32.21    114.09   8246.98  27578.52
09:24:59 AM     27.33     16.00     11.33   4096.00   2741.33
09:25:02 AM     27.81      5.30     22.52   1356.29   5449.01
09:25:05 AM     71.14     42.95     28.19  10995.97   6893.96
09:25:08 AM     28.76      0.00     28.76      0.00   6878.93
09:25:11 AM     38.54      5.32     33.22   1360.80   8186.05
09:25:14 AM     50.84     10.70     40.13   2739.80   9632.11
09:25:17 AM     28.67      0.00     28.67      0.00   6861.33
09:25:20 AM    104.70     64.43     40.27  16493.96   9661.74
09:25:23 AM     46.82      0.00     46.82      0.00  11012.71
09:25:26 AM     39.00      5.33     33.67   1365.33   8216.00
09:25:29 AM     56.19     16.05     40.13   4109.70   9629.43
09:25:32 AM     82.21     48.32     33.89  12370.47   8271.14
09:25:35 AM     50.00     10.67     39.33   2730.67   9589.33
09:25:38 AM     40.00      0.00     40.00      0.00   9597.33
09:25:41 AM     34.00      0.00     34.00      0.00   8224.00
09:25:44 AM    104.70     59.06     45.64  15119.46  11038.93
09:25:47 AM     55.67     10.67     45.00   2730.67  10957.33
09:25:50 AM     55.52     10.70     44.82   2739.80  10993.98
09:25:53 AM     23.00      0.00     23.00      0.00   5485.33
09:25:56 AM     82.94     42.81     40.13  10959.20   9629.43
09:25:59 AM     54.67     21.33     33.33   5461.33   8216.00
09:26:02 AM     39.33     10.67     28.67   2730.67   6848.00
09:26:05 AM     33.33      5.33     28.00   1365.33   6848.00
09:26:08 AM     50.50     10.70     39.80   2739.80   9621.40
09:26:11 AM     66.56     26.76     39.80   6849.50   9621.40
09:26:14 AM     50.17     10.70     39.46   2739.80   9624.08
09:26:17 AM     88.29     37.46     50.84   9589.30  12371.91
09:26:20 AM     50.33     10.67     39.67   2730.67   9589.33
09:26:23 AM     51.17     10.70     40.47   2739.80   9632.11
09:26:26 AM     72.33     26.67     45.67   6826.67  10968.00
09:26:29 AM     82.61     42.81     39.80  10959.20   9621.40
09:26:32 AM     39.33      0.00     39.33      0.00   9592.00
09:26:35 AM     51.17      5.35     45.82   1369.90  10999.33
09:26:38 AM     66.67     26.67     40.00   6826.67   9592.00
09:26:41 AM     77.18     32.21     44.97   8246.98  11030.87
09:26:44 AM     55.67     16.00     39.67   4096.00   9589.33
09:26:47 AM     50.84      5.35     45.48   1369.90  11002.01
09:26:50 AM     72.24     32.11     40.13   8219.40   9629.43
09:26:53 AM     83.89     37.58     46.31   9621.48  11049.66
09:26:56 AM     50.00     10.67     39.33   2730.67   9592.00
09:26:59 AM     34.33      0.00     34.33      0.00   8221.33
09:27:02 AM     51.17     11.37     39.80   2852.17   9629.43
09:27:05 AM     93.65     42.81     50.84  10959.20  12371.91
09:27:08 AM     67.11     26.85     40.27   6872.48   9661.74
09:27:11 AM     44.67      0.00     44.67      0.00  10957.33
09:27:14 AM    104.33     58.67     45.67  15018.67  10962.67
09:27:17 AM     50.84      0.00     50.84      0.00  12371.91
Average:       166.84     53.58    113.26  13716.82  27372.22
