Linux 4.2.2 (vm3_28) 	07/18/2017 	_x86_64_	(1 CPU)

09:41:44 AM       tps      rtps      wtps   bread/s   bwrtn/s
09:41:47 AM    179.87     42.95    136.91  10995.97  33130.20
09:41:50 AM    168.69     53.87    114.81  13791.25  27668.69
09:41:53 AM    252.53     80.81    171.72  20686.87  41524.58
09:41:56 AM    270.27     81.08    189.19  20756.76  45805.41
09:41:59 AM    286.49     97.30    189.19  24908.11  45808.11
09:42:02 AM    275.34     97.30    178.04  24908.11  43037.84
09:42:05 AM    229.63     75.42    154.21  19307.74  37362.96
09:42:08 AM    229.53     64.43    165.10  16493.96  39983.89
09:42:11 AM    247.97     75.68    172.30  19372.97  41648.65
09:42:14 AM    237.79     64.21    173.58  16438.80  41254.85
09:42:17 AM    263.30     86.20    177.10  22065.99  42901.01
09:42:20 AM    281.08    102.70    178.38  26291.89  43054.05
09:42:23 AM    247.97     81.08    166.89  20756.76  40259.46
09:42:26 AM    269.02     86.20    182.83  22065.99  44274.75
09:42:29 AM    206.71     64.43    142.28  16493.96  34469.80
09:42:32 AM    203.72     54.05    149.66  13837.84  36108.11
09:42:35 AM    281.08     97.30    183.78  24908.11  44421.62
09:42:38 AM    280.13     91.58    188.55  23445.12  45664.65
09:42:41 AM    270.27     91.89    178.38  23524.32  43035.14
09:42:44 AM    260.34     75.93    184.41  19438.64  44574.92
09:42:47 AM    280.13     96.97    183.16  24824.24  44282.83
09:42:50 AM    264.43     80.54    183.89  20617.45  44131.54
09:42:53 AM    292.88    108.47    184.41  27769.49  44580.34
09:42:56 AM    207.36     58.86    148.49  15068.90  35745.82
09:42:59 AM    269.59     86.49    183.11  22140.54  44427.03
09:43:02 AM    247.64     75.68    171.96  19372.97  41645.95
09:43:05 AM    265.20     81.08    184.12  20756.76  44427.03
09:43:08 AM    264.19     86.49    177.70  22140.54  43029.73
09:43:11 AM    270.85     86.78    184.07  22215.59  44564.07
09:43:14 AM    252.53     80.81    171.72  20686.87  41513.80
09:43:17 AM    267.79     96.64    171.14  24740.94  41377.18
09:43:20 AM    202.01     53.69    148.32  13744.97  35852.35
09:43:23 AM    200.67     64.21    136.45  16438.80  32995.32
09:43:26 AM    282.37     97.63    184.75  24992.54  44583.05
09:43:29 AM    242.76     75.42    167.34  19307.74  40131.99
09:43:32 AM    241.08     75.42    165.66  19307.74  40121.21
09:43:35 AM    245.48     74.92    170.57  19178.60  41236.12
09:43:38 AM    262.75     80.54    182.21  20617.45  44123.49
09:43:41 AM    256.19     85.62    170.57  21918.39  41233.44
09:43:44 AM    239.80     74.92    164.88  19178.60  39858.19
09:43:47 AM    228.00     69.33    158.67  17749.33  38360.00
09:43:50 AM    254.58     81.36    173.22  20827.12  41787.12
09:43:53 AM    251.34     80.54    170.81  20617.45  41371.81
09:43:56 AM    259.46     81.08    178.38  20756.76  43032.43
09:43:59 AM    259.12     81.08    178.04  20756.76  43037.84
09:44:02 AM    267.89     85.62    182.27  21918.39  43991.97
09:44:05 AM    248.65     75.68    172.97  19372.97  41654.05
09:44:08 AM    253.38     81.08    172.30  20756.76  41651.35
09:44:11 AM    257.58     86.20    171.38  22065.99  41503.03
09:44:14 AM    189.90     75.42    114.48  19307.74  27679.46
09:44:17 AM    254.21     70.03    184.18  17928.62  44606.06
09:44:20 AM    261.07     85.91    175.17  21991.95  42408.05
09:44:23 AM    284.90    102.01    182.89  26115.44  44126.17
09:44:26 AM    245.48     69.57    175.92  17808.70  42608.70
09:44:29 AM    267.45     91.28    176.17  23366.44  42743.62
09:44:32 AM    237.16     70.27    166.89  17989.19  40256.76
09:44:35 AM    275.42     91.58    183.84  23445.12  44280.13
09:44:38 AM    247.30     75.68    171.62  19372.97  41637.84
09:44:41 AM    242.09     75.42    166.67  19307.74  40123.91
09:44:44 AM    259.12     75.68    183.45  19372.97  44418.92
09:44:47 AM    256.71     85.91    170.81  21991.95  41371.81
09:44:50 AM    262.42     91.28    171.14  23366.44  41377.18
09:44:53 AM    229.97     64.65    165.32  16549.49  40118.52
09:44:56 AM     21.67     10.67     11.00   2730.67   2733.33
09:44:59 AM     17.06      5.35     11.71   1369.90   2750.50
09:45:02 AM     11.00      0.00     11.00      0.00   2741.33
09:45:05 AM     16.67     10.67      6.00   2730.67   1376.00
09:45:08 AM     32.89     10.63     22.26   2721.59   5453.82
09:45:11 AM     28.43     16.05     12.37   4109.70   2763.88
09:45:14 AM     38.67     16.00     22.67   4096.00   5482.67
09:45:17 AM     45.33      5.33     40.00   1365.33   9602.67
09:45:20 AM     39.46     10.70     28.76   2739.80   6878.93
09:45:23 AM     50.00     16.00     34.00   4096.00   8224.00
09:45:26 AM     50.00     21.48     28.52   5497.99   6893.96
09:45:29 AM     60.47     26.58     33.89   6803.99   8196.68
09:45:32 AM     33.44      5.35     28.09   1369.90   6873.58
09:45:35 AM     34.22      0.00     34.22      0.00   8194.02
09:45:38 AM     55.70     21.48     34.23   5497.99   8279.19
09:45:41 AM     50.00     16.00     34.00   4096.00   8224.00
09:45:44 AM     55.03     26.85     28.19   6872.48   6896.64
09:45:47 AM     46.00     10.67     35.33   2730.67   8234.67
09:45:50 AM     29.10      0.00     29.10      0.00   6881.61
09:45:53 AM     66.44     32.21     34.23   8246.98   8279.19
09:45:56 AM     28.00      0.00     28.00      0.00   6850.67
09:45:59 AM     39.33     10.67     28.67   2730.67   6856.00
09:46:02 AM     60.40     32.21     28.19   8246.98   6896.64
09:46:05 AM     39.33      5.33     34.00   1365.33   8224.00
09:46:08 AM     55.33     21.33     34.00   5461.33   8224.00
09:46:11 AM     28.00      0.00     28.00      0.00   6850.67
09:46:14 AM     50.17     16.05     34.11   4109.70   8251.51
09:46:17 AM     71.91     37.46     34.45   9589.30   8248.83
09:46:20 AM     33.67      5.33     28.33   1365.33   6853.33
09:46:23 AM     44.82     10.70     34.11   2739.80   8251.51
09:46:26 AM     39.67     10.67     29.00   2730.67   6858.67
09:46:29 AM     60.87     21.40     39.46   5479.60   9621.40
09:46:32 AM     66.00     32.00     34.00   8192.00   8224.00
09:46:35 AM     50.17     10.70     39.46   2739.80   9616.05
09:46:38 AM     34.11      5.35     28.76   1369.90   6878.93
09:46:41 AM     39.46      5.35     34.11   1369.90   8251.51
09:46:44 AM     65.67     32.00     33.67   8192.00   8216.00
09:46:47 AM     60.87     26.76     34.11   6849.50   8248.83
09:46:50 AM     38.80     10.70     28.09   2739.80   6873.58
09:46:53 AM     34.00      0.00     34.00      0.00   8224.00
09:46:56 AM     29.00      0.00     29.00      0.00   6858.67
09:46:59 AM     39.46      5.35     34.11   1369.90   8251.51
09:47:02 AM     88.26     53.69     34.56  13744.97   8284.56
09:47:05 AM     38.80     10.70     28.09   2739.80   6873.58
09:47:08 AM     45.15     10.70     34.45   2739.80   8248.83
09:47:11 AM     33.22      0.00     33.22      0.00   8188.70
09:47:14 AM     66.22     32.11     34.11   8219.40   8251.51
Average:       161.86     51.68    110.18  13229.83  26624.09
