Linux 4.2.2 (vm3_28) 	07/18/2017 	_x86_64_	(1 CPU)

09:48:25 AM       tps      rtps      wtps   bread/s   bwrtn/s
09:48:28 AM    208.78     64.86    143.92  16605.41  34743.24
09:48:31 AM    179.87     42.95    136.91  10995.97  33100.67
09:48:34 AM    283.95     96.32    187.63  24658.19  45348.49
09:48:37 AM    283.28    101.67    181.61  26028.09  43986.62
09:48:40 AM    281.14     86.20    194.95  22065.99  47043.77
09:48:43 AM    255.52     90.97    164.55  23288.29  39860.87
09:48:46 AM    231.08     70.27    160.81  17989.19  38881.08
09:48:49 AM    206.71     59.06    147.65  15119.46  35852.35
09:48:52 AM    257.24     91.25    165.99  23358.92  40129.29
09:48:55 AM    256.08     76.01    180.07  19459.46  43062.16
09:48:58 AM    259.12     86.49    172.64  22140.54  41654.05
09:49:01 AM    263.09     80.54    182.55  20617.45  44142.28
09:49:04 AM    269.13     80.54    188.59  20617.45  45506.04
09:49:07 AM    263.64     86.20    177.44  22065.99  42895.62
09:49:10 AM    255.33     80.00    175.33  20480.00  42469.33
09:49:13 AM    235.23     75.17    160.07  19242.95  38609.40
09:49:16 AM    257.91     86.20    171.72  22065.99  41513.80
09:49:19 AM    252.19     80.81    171.38  20686.87  41511.11
09:49:22 AM    263.42     75.17    188.26  19242.95  45503.36
09:49:25 AM    247.64     81.08    166.55  20756.76  40262.16
09:49:28 AM    283.28    101.67    181.61  26028.09  43978.60
09:49:31 AM    253.54     80.81    172.73  20686.87  41521.89
09:49:34 AM    271.62     81.08    190.54  20756.76  45818.92
09:49:37 AM    218.86     70.03    148.82  17928.62  35973.06
09:49:40 AM    190.57     59.26    131.31  15170.37  31830.30
09:49:43 AM    230.64     70.03    160.61  17928.62  38750.17
09:49:46 AM    274.66     97.30    177.36  24908.11  43035.14
09:49:49 AM    259.12     75.68    183.45  19372.97  44421.62
09:49:52 AM    275.00     97.30    177.70  24908.11  43024.32
09:49:55 AM    253.38     75.68    177.70  19372.97  43043.24
09:49:58 AM    258.59     80.81    177.78  20686.87  42901.01
09:50:01 AM    224.58     70.03    154.55  17928.62  37373.74
09:50:04 AM    123.49     42.95     80.54  10995.97  19320.81
09:50:07 AM    127.52     42.95     84.56  10995.97  20681.88
09:50:10 AM    164.09     37.58    126.51   9621.48  30365.10
09:50:13 AM    280.41     97.30    183.11  24908.11  44429.73
09:50:16 AM    253.20     70.03    183.16  17928.62  44277.44
09:50:19 AM    273.40    102.36    171.04  26203.37  41503.03
09:50:22 AM    263.97     80.81    183.16  20686.87  44285.52
09:50:25 AM    258.78     81.08    177.70  20756.76  43037.84
09:50:28 AM    292.88    103.05    189.83  26381.02  45966.10
09:50:31 AM    258.78     86.49    172.30  22140.54  41635.14
09:50:34 AM    200.67     69.57    131.10  17808.70  31620.07
09:50:37 AM    185.86     43.10    142.76  11033.00  34596.63
09:50:40 AM    275.08     96.97    178.11  24824.24  42895.62
09:50:43 AM    262.96     91.58    171.38  23445.12  41511.11
09:50:46 AM    230.87     64.43    166.44  16493.96  40008.05
09:50:49 AM    252.53     80.81    171.72  20686.87  41511.11
09:50:52 AM    252.19     75.42    176.77  19307.74  42890.24
09:50:55 AM    274.75     96.97    177.78  24824.24  42892.93
09:50:58 AM    271.19     86.78    184.41  22215.59  44583.05
09:51:01 AM    229.63     75.42    154.21  19307.74  37354.88
09:51:04 AM    253.20     75.42    177.78  19307.74  42903.70
09:51:07 AM    247.30     81.08    166.22  20756.76  40256.76
09:51:10 AM    274.75     96.97    177.78  24824.24  42892.93
09:51:13 AM    252.19     75.42    176.77  19307.74  42887.54
09:51:16 AM    254.05     75.68    178.38  19372.97  43048.65
09:51:19 AM    265.20     81.08    184.12  20756.76  44421.62
09:51:22 AM    252.86     80.81    172.05  20686.87  41516.50
09:51:25 AM    240.74     75.42    165.32  19307.74  40121.21
09:51:28 AM    185.19     59.26    125.93  15170.37  30448.48
09:51:31 AM    261.62     86.20    175.42  22065.99  42383.84
09:51:34 AM    198.99     70.27    128.72  17989.19  31070.27
09:51:37 AM     16.94      0.00     16.94      0.00   4093.02
09:51:40 AM     21.93      5.32     16.61   1360.80   4095.68
09:51:43 AM      6.00      0.00      6.00      0.00   1373.33
09:51:46 AM     33.00     10.67     22.33   2730.67   5474.67
09:51:49 AM     60.67     26.67     34.00   6826.67   8210.67
09:51:52 AM     22.74      0.00     22.74      0.00   5501.00
09:51:55 AM     40.00     10.67     29.33   2730.67   6869.33
09:51:58 AM     44.00     21.33     22.67   5461.33   5482.67
09:52:01 AM     28.76      0.00     28.76      0.00   6878.93
09:52:04 AM     71.81     37.58     34.23   9621.48   8281.88
09:52:07 AM     38.67     10.67     28.00   2730.67   6850.67
09:52:10 AM     33.67      5.33     28.33   1365.33   6848.00
09:52:13 AM     44.82     16.05     28.76   4109.70   6878.93
09:52:16 AM     44.82     10.70     34.11   2739.80   8251.51
09:52:19 AM     38.80     10.70     28.09   2739.80   6873.58
09:52:22 AM     55.52     26.76     28.76   6849.50   6878.93
09:52:25 AM     28.09      0.00     28.09      0.00   6873.58
09:52:28 AM     60.47     26.58     33.89   6803.99   8194.02
09:52:31 AM     40.67      5.33     35.33   1365.33   8232.00
09:52:34 AM     44.82     10.70     34.11   2739.80   8251.51
09:52:37 AM     39.46     10.70     28.76   2739.80   6878.93
09:52:40 AM     60.00     32.00     28.00   8192.00   6850.67
09:52:43 AM     55.33     16.00     39.33   4096.00   9592.00
09:52:46 AM     39.46     10.70     28.76   2739.80   6878.93
09:52:49 AM     33.22      5.32     27.91   1360.80   6827.91
09:52:52 AM     39.46     10.70     28.76   2739.80   6878.93
09:52:55 AM     44.00     16.00     28.00   4096.00   6850.67
09:52:58 AM     60.87     32.11     28.76   8219.40   6878.93
09:53:01 AM     55.00     10.67     44.33   2730.67  10946.67
09:53:04 AM     28.00      5.33     22.67   1365.33   5485.33
09:53:07 AM     51.34     10.74     40.60   2748.99   9656.38
09:53:10 AM     54.85     26.76     28.09   6849.50   6873.58
09:53:13 AM     55.52     26.76     28.76   6849.50   6878.93
09:53:16 AM     28.33      0.00     28.33      0.00   6856.00
09:53:19 AM     44.82     16.05     28.76   4109.70   6878.93
09:53:22 AM     28.33      0.00     28.33      0.00   6848.00
09:53:25 AM     38.67     10.67     28.00   2730.67   6850.67
09:53:28 AM     55.70     26.85     28.86   6872.48   6902.01
09:53:31 AM     60.87     26.76     34.11   6849.50   8251.51
09:53:34 AM     28.09      0.00     28.09      0.00   6870.90
09:53:37 AM     49.67     16.00     33.67   4096.00   8216.00
09:53:40 AM     29.33      0.00     29.33      0.00   6861.33
09:53:43 AM     44.30     16.11     28.19   4123.49   6896.64
09:53:46 AM     82.27     48.16     34.11  12329.10   8251.51
09:53:49 AM     34.11      0.00     34.11      0.00   8248.83
09:53:52 AM     33.33      5.33     28.00   1365.33   6850.67
09:53:55 AM     34.11      5.35     28.76   1369.90   6878.93
Average:       157.82     50.36    107.46  12891.74  25971.95
