Linux 4.2.2 (vm3_28) 	07/18/2017 	_x86_64_	(1 CPU)

09:01:47 AM       tps      rtps      wtps   bread/s   bwrtn/s
09:01:50 AM    169.36     32.32    137.04   8274.75  33222.90
09:01:53 AM    206.38     80.54    125.84  20617.45  30348.99
09:01:56 AM    267.56     80.27    187.29  20548.49  45348.49
09:01:59 AM    260.61     80.81    179.80  20686.87  43485.52
09:02:02 AM    289.86     97.30    192.57  24908.11  46583.78
09:02:05 AM    258.78     86.49    172.30  22140.54  41654.05
09:02:08 AM    228.00     69.33    158.67  17749.33  38365.33
09:02:11 AM    243.62     75.17    168.46  19242.95  40016.11
09:02:14 AM    259.46     81.08    178.38  20756.76  43032.43
09:02:17 AM    261.54     85.62    175.92  21918.39  42611.37
09:02:20 AM    270.61     97.30    173.31  24908.11  41672.97
09:02:23 AM    251.52     86.20    165.32  22065.99  40123.91
09:02:26 AM    258.25     75.42    182.83  19307.74  44277.44
09:02:29 AM    270.27     86.49    183.78  22140.54  44418.92
09:02:32 AM    222.00     69.33    152.67  17749.33  36981.33
09:02:35 AM    184.62     53.51    131.10  13699.00  31612.04
09:02:38 AM    269.59     86.49    183.11  22140.54  44427.03
09:02:41 AM    230.64     70.03    160.61  17928.62  38744.78
09:02:44 AM    277.63     92.20    185.42  23604.07  44593.90
09:02:47 AM    285.81    108.11    177.70  27675.68  43040.54
09:02:50 AM    241.75     75.42    166.33  19307.74  40131.99
09:02:53 AM    264.19     81.08    183.11  20756.76  44427.03
09:02:56 AM    252.68     75.17    177.52  19242.95  42748.99
09:02:59 AM    256.04     91.28    164.77  23366.44  39989.26
09:03:02 AM    240.94     69.80    171.14  17868.46  41369.13
09:03:05 AM    240.60     69.80    170.81  17868.46  41366.44
09:03:08 AM    280.13     96.97    183.16  24824.24  44269.36
09:03:11 AM    250.50     80.27    170.23  20548.49  41230.77
09:03:14 AM    253.38     75.68    177.70  19372.97  43043.24
09:03:17 AM    258.25     80.81    177.44  20686.87  42884.85
09:03:20 AM    266.55     81.08    185.47  20756.76  44432.43
09:03:23 AM    230.07     81.08    148.99  20756.76  36097.30
09:03:26 AM    202.02     70.03    131.99  17928.62  31824.92
09:03:29 AM    258.25     80.81    177.44  20686.87  42887.54
09:03:32 AM    258.78     86.49    172.30  22140.54  41654.05
09:03:35 AM    258.25     80.81    177.44  20686.87  42882.15
09:03:38 AM    245.97     80.54    165.44  20617.45  39994.63
09:03:41 AM    240.27     75.17    165.10  19242.95  39994.63
09:03:44 AM    254.05     75.68    178.38  19372.97  43048.65
09:03:47 AM    247.30     86.49    160.81  22140.54  38883.78
09:03:50 AM    247.47     75.42    172.05  19307.74  41511.11
09:03:53 AM    229.19     75.17    154.03  19242.95  37240.27
09:03:56 AM    253.02     75.17    177.85  19242.95  42762.42
09:03:59 AM    247.64     75.68    171.96  19372.97  41651.35
09:04:02 AM    263.09     80.54    182.55  20617.45  44131.54
09:04:05 AM    281.08    108.11    172.97  27675.68  41645.95
09:04:08 AM    257.38     80.54    176.85  20617.45  42743.62
09:04:11 AM    270.85     86.78    184.07  22215.59  44577.63
09:04:14 AM    225.34     70.27    155.07  17989.19  37489.19
09:04:17 AM    208.08     64.65    143.43  16549.49  34596.63
09:04:20 AM    241.41     75.42    165.99  19307.74  40129.29
09:04:23 AM    258.45     81.08    177.36  20756.76  43032.43
09:04:26 AM    259.26     75.42    183.84  19307.74  44285.52
09:04:29 AM    241.41     75.42    165.99  19307.74  40129.29
09:04:32 AM    292.88    108.47    184.41  27769.49  44569.49
09:04:35 AM    252.53     80.81    171.72  20686.87  41519.19
09:04:38 AM    264.86     81.08    183.78  20756.76  44432.43
09:04:41 AM    224.92     70.03    154.88  17928.62  37360.27
09:04:44 AM    236.03     70.03    165.99  17928.62  40131.99
09:04:47 AM    257.91     86.20    171.72  22065.99  41508.42
09:04:50 AM    274.41     91.58    182.83  23445.12  44280.13
09:04:53 AM    275.68     91.89    183.78  23524.32  44432.43
09:04:56 AM    112.00     16.00     96.00   4096.00  23285.33
09:04:59 AM     16.67      5.33     11.33   1365.33   2744.00
09:05:02 AM     43.85     26.58     17.28   6803.99   4111.63
09:05:05 AM     39.67     16.00     23.67   4096.00   5493.33
09:05:08 AM     28.67      0.00     28.67      0.00   6858.67
09:05:11 AM     65.67     32.00     33.67   8192.00   8218.67
09:05:14 AM     50.17      5.35     44.82   1369.90  10993.98
09:05:17 AM     56.00     21.33     34.67   5461.33   8237.33
09:05:20 AM     44.67     10.67     34.00   2730.67   8226.67
09:05:23 AM     60.87     26.76     34.11   6849.50   8254.18
09:05:26 AM     55.52     21.40     34.11   5479.60   8254.18
09:05:29 AM     39.33      5.33     34.00   1365.33   8226.67
09:05:32 AM     55.52     21.40     34.11   5479.60   8251.51
09:05:35 AM     36.67      0.00     36.67      0.00   8826.67
09:05:38 AM     74.58     42.81     31.77  10959.20   7654.85
09:05:41 AM     50.00      5.33     44.67   1365.33  10954.67
09:05:44 AM     60.67     26.67     34.00   6826.67   8226.67
09:05:47 AM     44.97      5.37     39.60   1374.50   9656.38
09:05:50 AM     55.67     21.33     34.33   5461.33   8229.33
09:05:53 AM     55.52     16.05     39.46   4109.70   9624.08
09:05:56 AM     34.00      5.33     28.67   1365.33   6858.67
09:05:59 AM     66.22     26.76     39.46   6849.50   9626.76
09:06:02 AM     55.18     10.70     44.48   2739.80  10985.95
09:06:05 AM     71.57     37.46     34.11   9589.30   8254.18
09:06:08 AM     33.89      5.32     28.57   1360.80   6835.88
09:06:11 AM     39.13     10.70     28.43   2739.80   6878.93
09:06:14 AM     51.17     10.70     40.47   2739.80   9629.43
09:06:17 AM     55.52     26.76     28.76   6849.50   6881.61
09:06:20 AM     50.00     16.00     34.00   4096.00   8226.67
09:06:23 AM     44.82     10.70     34.11   2739.80   8254.18
09:06:26 AM     61.00     21.33     39.67   5461.33   9594.67
09:06:29 AM     44.48      5.35     39.13   1369.90   9616.05
09:06:32 AM     66.22     32.11     34.11   8219.40   8254.18
09:06:35 AM     39.33     10.67     28.67   2730.67   6848.00
09:06:38 AM     60.67     21.33     39.33   5461.33   9594.67
09:06:41 AM     44.82     10.70     34.11   2739.80   8254.18
09:06:44 AM     26.15      0.00     26.15      0.00   6329.23
09:06:47 AM     87.75     42.38     45.36  10850.33  10898.01
09:06:50 AM     50.50     16.05     34.45   4109.70   8256.86
09:06:53 AM     50.00     10.67     39.33   2730.67   9592.00
09:06:56 AM     39.80      5.35     34.45   1369.90   8251.51
09:06:59 AM     39.33      5.33     34.00   1365.33   8229.33
09:07:02 AM     93.65     53.51     40.13  13699.00   9626.76
09:07:05 AM     44.48     10.70     33.78   2739.80   8246.15
09:07:08 AM     39.33      5.33     34.00   1365.33   8226.67
09:07:11 AM     28.67      0.00     28.67      0.00   6858.67
09:07:14 AM     71.57     37.46     34.11   9589.30   8254.18
09:07:17 AM     55.67     21.33     34.33   5461.33   8229.33
Average:       163.54     52.32    111.23  13392.81  26877.66
