Linux 4.2.2 (vm3_28) 	07/18/2017 	_x86_64_	(1 CPU)

09:55:05 AM       tps      rtps      wtps   bread/s   bwrtn/s
09:55:08 AM    226.44     70.51    155.93  18050.17  37637.97
09:55:11 AM    176.51     53.69    122.82  13744.97  28985.23
09:55:14 AM    258.78     81.08    177.70  20756.76  43040.54
09:55:17 AM    269.70     80.81    188.89  20686.87  45659.26
09:55:20 AM    258.25     80.81    177.44  20686.87  42895.62
09:55:23 AM    271.19     86.78    184.41  22215.59  44574.92
09:55:26 AM    251.85     80.81    171.04  20686.87  41503.03
09:55:29 AM    269.02     86.20    182.83  22065.99  44261.28
09:55:32 AM    258.59     80.81    177.78  20686.87  42898.32
09:55:35 AM    251.17     80.27    170.90  20548.49  41246.82
09:55:38 AM    272.00     90.67    181.33  23210.67  43829.33
09:55:41 AM    269.02     91.58    177.44  23445.12  42906.40
09:55:44 AM    257.72     80.54    177.18  20617.45  42754.36
09:55:47 AM    252.00     74.67    177.33  19114.67  42472.00
09:55:50 AM    205.35     69.57    135.79  17808.70  32984.62
09:55:53 AM    214.09     60.07    154.03  15377.18  37240.27
09:55:56 AM    268.35     90.57    177.78  23186.53  42901.01
09:55:59 AM    276.95     81.36    195.59  20827.12  47360.00
09:56:02 AM    307.80    124.75    183.05  31934.92  44233.22
09:56:05 AM    260.27     75.42    184.85  19307.74  44627.61
09:56:08 AM    251.68     69.80    181.88  17868.46  44123.49
09:56:11 AM    277.29     86.78    190.51  22215.59  45982.37
09:56:14 AM    248.14     81.36    166.78  20827.12  40401.36
09:56:17 AM    236.36     75.42    160.94  19307.74  38763.64
09:56:20 AM    264.31     86.20    178.11  22065.99  42898.32
09:56:23 AM    247.97     75.68    172.30  19372.97  41648.65
09:56:26 AM    281.36     97.63    183.73  24992.54  44574.92
09:56:29 AM    252.86     80.81    172.05  20686.87  41516.50
09:56:32 AM    273.83     91.28    182.55  23366.44  44123.49
09:56:35 AM    251.01     75.17    175.84  19242.95  42571.81
09:56:38 AM    246.44     75.93    170.51  19438.64  41179.66
09:56:41 AM    210.40     64.43    145.97  16493.96  35259.06
09:56:44 AM    228.52     75.17    153.36  19242.95  37232.21
09:56:47 AM    307.74    107.74    200.00  27582.49  48422.90
09:56:50 AM    242.28     69.80    172.48  17868.46  41377.18
09:56:53 AM    256.86     74.92    181.94  19178.60  43975.92
09:56:56 AM    292.91    102.70    190.20  26291.89  45810.81
09:56:59 AM    262.42     85.91    176.51  21991.95  42757.05
09:57:02 AM    263.42     75.17    188.26  19242.95  45503.36
09:57:05 AM    240.74     80.81    159.93  20686.87  38744.78
09:57:08 AM    246.80     75.42    171.38  19307.74  41511.11
09:57:11 AM    296.96    113.51    183.45  29059.46  44418.92
09:57:14 AM    270.27     81.08    189.19  20756.76  45810.81
09:57:17 AM    247.97     70.27    177.70  17989.19  43029.73
09:57:20 AM    247.14     80.81    166.33  20686.87  40131.99
09:57:23 AM    286.82     91.89    194.93  23524.32  47200.00
09:57:26 AM    249.15     81.36    167.80  20827.12  40409.49
09:57:29 AM    268.69     96.97    171.72  24824.24  41505.72
09:57:32 AM    218.86     70.03    148.82  17928.62  35970.37
09:57:35 AM    245.30     85.91    159.40  21991.95  38612.08
09:57:38 AM    264.86     81.08    183.78  20756.76  44424.32
09:57:41 AM    234.90     75.17    159.73  19242.95  38614.77
09:57:44 AM    253.38     75.68    177.70  19372.97  43035.14
09:57:47 AM    264.53     81.08    183.45  20756.76  44418.92
09:57:50 AM    269.93     86.49    183.45  22140.54  44416.22
09:57:53 AM    269.13     80.54    188.59  20617.45  45514.09
09:57:56 AM    230.74     75.68    155.07  19372.97  37483.78
09:57:59 AM    241.41     70.03    171.38  17928.62  41497.64
09:58:02 AM    269.93     86.49    183.45  22140.54  44416.22
09:58:05 AM    269.93     91.89    178.04  23524.32  43043.24
09:58:08 AM    288.14    103.05    185.08  26381.02  44580.34
09:58:11 AM    234.90     69.80    165.10  17868.46  39991.95
09:58:14 AM    217.00     58.67    158.33  15018.67  38346.67
09:58:17 AM     33.44     16.05     17.39   4109.70   4131.10
09:58:20 AM      5.65      0.00      5.65      0.00   1360.80
09:58:23 AM     76.67     32.00     44.67   8192.00  10960.00
09:58:26 AM     29.43      0.00     29.43      0.00   6892.31
09:58:29 AM     55.15     15.95     39.20   4082.39   9560.13
09:58:32 AM     54.85     26.76     28.09   6849.50   6876.25
09:58:35 AM     50.17     16.05     34.11   4109.70   8254.18
09:58:38 AM     45.33     16.00     29.33   4096.00   6869.33
09:58:41 AM     29.33      0.00     29.33      0.00   6858.67
09:58:44 AM     44.15     10.70     33.44   2739.80   8246.15
09:58:47 AM     77.18     42.95     34.23  10995.97   8281.88
09:58:50 AM     39.00     10.67     28.33   2730.67   6850.67
09:58:53 AM     28.76      0.00     28.76      0.00   6881.61
09:58:56 AM     50.00     16.00     34.00   4096.00   8226.67
09:58:59 AM     28.00      0.00     28.00      0.00   6853.33
09:59:02 AM     39.67     10.67     29.00   2730.67   6861.33
09:59:05 AM     77.44     43.10     34.34  11033.00   8312.46
09:59:08 AM     27.81      0.00     27.81      0.00   6807.95
09:59:11 AM     50.50     16.05     34.45   4109.70   8256.86
09:59:14 AM     44.85     10.63     34.22   2721.59   8196.68
09:59:17 AM     45.15     10.70     34.45   2739.80   8256.86
09:59:20 AM     87.92     48.32     39.60  12370.47   9659.06
09:59:23 AM     28.67      0.00     28.67      0.00   6858.67
09:59:26 AM     44.82     10.70     34.11   2739.80   8254.18
09:59:29 AM     44.67      0.00     44.67      0.00  10960.00
09:59:32 AM     87.92     53.69     34.23  13744.97   8279.19
09:59:35 AM     39.33      5.33     34.00   1365.33   8226.67
09:59:38 AM     50.17     16.05     34.11   4109.70   8248.83
09:59:41 AM     28.67      0.00     28.67      0.00   6858.67
09:59:44 AM     50.34     10.74     39.60   2748.99   9656.38
09:59:47 AM     82.61     48.16     34.45  12329.10   8256.86
09:59:50 AM     33.33      0.00     33.33      0.00   8218.67
09:59:53 AM     44.82     16.05     28.76   4109.70   6881.61
09:59:56 AM     44.82     10.70     34.11   2739.80   8254.18
09:59:59 AM     28.00      0.00     28.00      0.00   6853.33
10:00:02 AM     77.26     48.16     29.10  12329.10   6903.01
10:00:05 AM     39.46      5.35     34.11   1369.90   8248.83
10:00:08 AM     28.00      0.00     28.00      0.00   6850.67
10:00:11 AM     55.85     21.40     34.45   5479.60   8256.86
10:00:14 AM     34.00      0.00     34.00      0.00   8226.67
10:00:17 AM     76.51     48.32     28.19  12370.47   6899.33
10:00:20 AM     39.00      5.33     33.67   1365.33   8216.00
10:00:23 AM     28.76      5.35     23.41   1369.90   5503.68
10:00:26 AM     57.53     21.40     36.12   5479.60   8267.56
10:00:29 AM     33.89      0.00     33.89      0.00   8196.68
10:00:32 AM     44.33     10.67     33.67   2730.67   8218.67
10:00:35 AM     55.52     26.76     28.76   6849.50   6881.61
Average:       165.87     52.96    112.91  13557.12  27282.27
