Linux 4.2.2 (vm3_28) 	07/18/2017 	_x86_64_	(1 CPU)

09:15:08 AM       tps      rtps      wtps   bread/s   bwrtn/s
09:15:11 AM    210.47     75.68    134.80  19372.97  31975.68
09:15:14 AM    178.86     59.06    119.80  15119.46  28969.13
09:15:17 AM    286.82     97.30    189.53  24908.11  45808.11
09:15:20 AM    257.91     80.81    177.10  20686.87  42895.62
09:15:23 AM    257.53     74.92    182.61  19178.60  43973.24
09:15:26 AM    264.19     86.49    177.70  22140.54  43040.54
09:15:29 AM    246.80     80.81    165.99  20686.87  40126.60
09:15:32 AM    242.23     75.68    166.55  19372.97  40267.57
09:15:35 AM    273.24     85.62    187.63  21918.39  45343.14
09:15:38 AM    273.15    102.01    171.14  26115.44  41369.13
09:15:41 AM    245.33     74.67    170.67  19114.67  41109.33
09:15:44 AM    252.19     75.42    176.77  19307.74  42884.85
09:15:47 AM    255.07     75.68    179.39  19372.97  43043.24
09:15:50 AM    269.59     91.89    177.70  23524.32  43032.43
09:15:53 AM    207.38     64.43    142.95  16493.96  34475.17
09:15:56 AM    206.71     64.43    142.28  16493.96  34472.48
09:15:59 AM    276.43     91.58    184.85  23445.12  44619.53
09:16:02 AM    262.84     86.49    176.35  22140.54  42700.00
09:16:05 AM    270.95     81.08    189.86  20756.76  45824.32
09:16:08 AM    270.85     92.20    178.64  23604.07  43175.59
09:16:11 AM    246.64     69.80    176.85  17868.46  42751.68
09:16:14 AM    252.86     80.81    172.05  20686.87  41516.50
09:16:17 AM    276.01     86.49    189.53  22140.54  45808.11
09:16:20 AM    233.44     80.27    153.18  20548.49  37099.67
09:16:23 AM    280.81     91.58    189.23  23445.12  45659.26
09:16:26 AM    251.01     85.91    165.10  21991.95  39991.95
09:16:29 AM    230.20     64.43    165.77  16493.96  39986.58
09:16:32 AM    261.87     85.62    176.25  21918.39  42603.34
09:16:35 AM    271.19     86.78    184.41  22215.59  44572.20
09:16:38 AM    280.07    102.70    177.36  26291.89  43029.73
09:16:41 AM    241.75     70.03    171.72  17928.62  41497.64
09:16:44 AM    195.96     59.26    136.70  15170.37  33201.35
09:16:47 AM    197.32     53.69    143.62  13744.97  34493.96
09:16:50 AM    252.53     80.81    171.72  20686.87  41511.11
09:16:53 AM    304.41    108.47    195.93  27769.49  47365.42
09:16:56 AM    246.15     74.92    171.24  19178.60  41236.12
09:16:59 AM    303.38    108.11    195.27  27675.68  47205.41
09:17:02 AM    242.57     70.27    172.30  17989.19  41643.24
09:17:05 AM    274.16     85.91    188.26  21991.95  45506.04
09:17:08 AM    234.45     69.57    164.88  17808.70  39855.52
09:17:11 AM    275.00     97.30    177.70  24908.11  43043.24
09:17:14 AM    241.41     75.42    165.99  19307.74  40129.29
09:17:17 AM    242.57     75.68    166.89  19372.97  40272.97
09:17:20 AM    258.45     86.49    171.96  22140.54  41645.95
09:17:23 AM    264.53     86.49    178.04  22140.54  43037.84
09:17:26 AM    264.19     81.08    183.11  20756.76  44405.41
09:17:29 AM    247.97     75.68    172.30  19372.97  41651.35
09:17:32 AM    241.28     69.80    171.48  17868.46  41366.44
09:17:35 AM    219.26     70.27    148.99  17989.19  36081.08
09:17:38 AM    216.72     69.57    147.16  17808.70  35735.12
09:17:41 AM    240.60     80.54    160.07  20617.45  38622.82
09:17:44 AM    258.45     81.08    177.36  20756.76  43029.73
09:17:47 AM    251.68     80.54    171.14  20617.45  41363.76
09:17:50 AM    252.70     86.49    166.22  22140.54  40256.76
09:17:53 AM    239.93     80.54    159.40  20617.45  38609.40
09:17:56 AM    287.46    103.05    184.41  26381.02  44574.92
09:17:59 AM    246.80     75.42    171.38  19307.74  41508.42
09:18:02 AM    241.41     80.81    160.61  20686.87  38750.17
09:18:05 AM    246.31     75.17    171.14  19242.95  41361.07
09:18:08 AM    237.16     75.68    161.49  19372.97  38883.78
09:18:11 AM    269.70     80.81    188.89  20686.87  45648.48
09:18:14 AM    245.48     74.92    170.57  19178.60  41217.39
09:18:17 AM    242.23     75.68    166.55  19372.97  40251.35
09:18:20 AM     22.00     10.67     11.33   2730.67   2741.33
09:18:23 AM     55.18     16.05     39.13   4109.70   9613.38
09:18:26 AM     38.67     16.00     22.67   4096.00   5482.67
09:18:29 AM     50.84     10.70     40.13   2739.80   9629.43
09:18:32 AM     55.33     26.67     28.67   6826.67   6861.33
09:18:35 AM     55.52     16.05     39.46   4109.70   9621.40
09:18:38 AM     39.87      0.00     39.87      0.00   9568.11
09:18:41 AM     49.83     21.40     28.43   5479.60   6870.90
09:18:44 AM     56.71     21.48     35.23   5497.99   8287.25
09:18:47 AM     56.19     16.05     40.13   4109.70   9629.43
09:18:50 AM     44.67     10.67     34.00   2730.67   8224.00
09:18:53 AM     44.33     10.67     33.67   2730.67   8216.00
09:18:56 AM     71.81     37.58     34.23   9621.48   8279.19
09:18:59 AM     33.89      0.00     33.89      0.00   8196.68
09:19:02 AM     71.81     37.58     34.23   9621.48   8281.88
09:19:05 AM     39.46      0.00     39.46      0.00   9621.40
09:19:08 AM     50.17     15.95     34.22   4082.39   8199.34
09:19:11 AM     67.45     26.85     40.60   6872.48   9664.43
09:19:14 AM     65.67     26.67     39.00   6826.67   9581.33
09:19:17 AM     39.46      5.35     34.11   1369.90   8251.51
09:19:20 AM     44.67      5.33     39.33   1365.33   9589.33
09:19:23 AM     44.82     16.05     28.76   4109.70   6878.93
09:19:26 AM     66.44     32.21     34.23   8246.98   8279.19
09:19:29 AM     61.33     16.00     45.33   4096.00  10965.33
09:19:32 AM     50.50     10.70     39.80   2739.80   9621.40
09:19:35 AM     66.56     26.76     39.80   6849.50   9621.40
09:19:38 AM     72.33     26.67     45.67   6826.67  10968.00
09:19:41 AM     61.87     16.05     45.82   4109.70  11004.68
09:19:44 AM     61.13     15.95     45.18   4082.39  10928.90
09:19:47 AM     66.33     26.67     39.67   6826.67   9594.67
09:19:50 AM     61.20     21.40     39.80   5479.60   9621.40
09:19:53 AM     61.87     16.05     45.82   4109.70  10999.33
09:19:56 AM     45.00      0.00     45.00      0.00  10954.67
09:19:59 AM     93.65     48.16     45.48  12329.10  11002.01
09:20:02 AM     50.00     16.00     34.00   4096.00   8226.67
09:20:05 AM     49.83     16.05     33.78   4109.70   8254.18
09:20:08 AM     28.33      0.00     28.33      0.00   6850.67
09:20:11 AM     34.00      5.33     28.67   1365.33   6856.00
09:20:14 AM     71.00     37.33     33.67   9557.33   8213.33
09:20:17 AM     40.00      5.33     34.67   1365.33   8234.67
09:20:20 AM     60.20     32.11     28.09   8219.40   6870.90
09:20:23 AM     28.33      0.00     28.33      0.00   6853.33
09:20:26 AM     34.00      0.00     34.00      0.00   8224.00
09:20:29 AM     77.59     32.11     45.48   8219.40  11002.01
09:20:32 AM     74.25     32.11     42.14   8219.40   9645.48
09:20:35 AM     61.33     16.00     45.33   4096.00  10965.33
09:20:38 AM     46.33      0.00     46.33      0.00  10984.00
Average:       166.28     53.19    113.10  13616.27  27323.90
