Linux 4.2.2 (vm3_28) 	07/18/2017 	_x86_64_	(1 CPU)

08:55:07 AM       tps      rtps      wtps   bread/s   bwrtn/s
08:55:10 AM    174.75     43.10    131.65  11033.00  31841.08
08:55:13 AM    235.47     86.49    148.99  22140.54  36102.70
08:55:16 AM    275.08     91.58    183.50  23445.12  44274.75
08:55:19 AM    270.27     81.08    189.19  20756.76  45818.92
08:55:22 AM    270.27     81.08    189.19  20756.76  45802.70
08:55:25 AM    252.35     80.54    171.81  20617.45  41390.60
08:55:28 AM    241.89     81.08    160.81  20756.76  38878.38
08:55:31 AM    253.38     75.68    177.70  19372.97  43035.14
08:55:34 AM    259.12     81.08    178.04  20756.76  43040.54
08:55:37 AM    228.76     69.57    159.20  17808.70  38477.59
08:55:40 AM    259.80     81.08    178.72  20756.76  43051.35
08:55:43 AM    260.81     91.89    168.92  23524.32  40291.89
08:55:46 AM    269.93     86.49    183.45  22140.54  44416.22
08:55:49 AM    253.38     75.68    177.70  19372.97  43037.84
08:55:52 AM    213.13     70.03    143.10  17928.62  34593.94
08:55:55 AM    224.66     75.68    148.99  19372.97  36089.19
08:55:58 AM    267.00     86.20    180.81  22065.99  43671.38
08:56:01 AM    272.97     86.49    186.49  22140.54  45043.24
08:56:04 AM    269.02     86.20    182.83  22065.99  44263.97
08:56:07 AM    287.80    103.05    184.75  26381.02  44580.34
08:56:10 AM    282.03     86.78    195.25  22215.59  47357.29
08:56:13 AM    252.86     80.81    172.05  20686.87  41516.50
08:56:16 AM    264.31     80.81    183.50  20686.87  44258.59
08:56:19 AM    237.84     75.68    162.16  19372.97  38886.49
08:56:22 AM    281.76     91.89    189.86  23524.32  45810.81
08:56:25 AM    228.09     69.57    158.53  17808.70  38480.27
08:56:28 AM    268.12     91.28    176.85  23366.44  42751.68
08:56:31 AM    262.42     85.91    176.51  21991.95  42740.94
08:56:34 AM    263.64     86.20    177.44  22065.99  42892.93
08:56:37 AM    258.25     80.81    177.44  20686.87  42892.93
08:56:40 AM    264.53     81.08    183.45  20756.76  44418.92
08:56:43 AM    219.26     75.68    143.58  19372.97  34702.70
08:56:46 AM    233.33     74.67    158.67  19114.67  38349.33
08:56:49 AM    246.15     69.57    176.59  17808.70  42616.72
08:56:52 AM    262.21     85.62    176.59  21918.39  42597.99
08:56:55 AM    253.54     80.81    172.73  20686.87  41516.50
08:56:58 AM    271.19     81.36    189.83  20827.12  45976.95
08:57:01 AM    246.31     80.54    165.77  20617.45  40000.00
08:57:04 AM    257.91     80.81    177.10  20686.87  42898.32
08:57:07 AM    225.68     70.27    155.41  17989.19  37489.19
08:57:10 AM    263.64     80.81    182.83  20686.87  44272.05
08:57:13 AM    283.89    102.01    181.88  26115.44  44123.49
08:57:16 AM    245.97     80.54    165.44  20617.45  39991.95
08:57:19 AM    256.52     85.62    170.90  21918.39  41228.09
08:57:22 AM    251.17     74.92    176.25  19178.60  42606.02
08:57:25 AM    267.56     90.97    176.59  23288.29  42608.70
08:57:28 AM    256.86     80.27    176.59  20548.49  42600.67
08:57:31 AM    246.80     70.03    176.77  17928.62  42871.38
08:57:34 AM    191.25     59.26    131.99  15170.37  31830.30
08:57:37 AM    223.49     75.17    148.32  19242.95  35865.77
08:57:40 AM    268.79     80.54    188.26  20617.45  45511.41
08:57:43 AM    270.51     86.78    183.73  22215.59  44577.63
08:57:46 AM    268.69     96.97    171.72  24824.24  41505.72
08:57:49 AM    269.36     86.20    183.16  22065.99  44280.13
08:57:52 AM    248.31     70.27    178.04  17989.19  43027.03
08:57:55 AM    279.80    102.36    177.44  26203.37  42882.15
08:57:58 AM    242.23     75.68    166.55  19372.97  40259.46
08:58:01 AM    264.53     86.49    178.04  22140.54  43029.73
08:58:04 AM    265.88     86.49    179.39  22140.54  43051.35
08:58:07 AM    236.15     75.68    160.47  19372.97  38867.57
08:58:10 AM    258.92     75.42    183.50  19307.74  44277.44
08:58:13 AM    247.14     75.42    171.72  19307.74  41503.03
08:58:16 AM    172.00     58.67    113.33  15018.67  27389.33
08:58:19 AM     38.67     16.00     22.67   4096.00   5482.67
08:58:22 AM     27.91      5.32     22.59   1360.80   5464.45
08:58:25 AM     66.56     21.40     45.15   5479.60  10991.30
08:58:28 AM     44.30     16.11     28.19   4123.49   6896.64
08:58:31 AM     62.67     10.67     52.00   2730.67  12661.33
08:58:34 AM     76.33     32.00     44.33   8192.00  10632.00
08:58:37 AM     71.81     32.21     39.60   8246.98   9656.38
08:58:40 AM     40.33     10.67     29.67   2730.67   6869.33
08:58:43 AM     56.00      5.33     50.67   1365.33  12320.00
08:58:46 AM     34.00      0.00     34.00      0.00   8224.00
08:58:49 AM     93.29     53.69     39.60  13744.97   9656.38
08:58:52 AM     39.20      5.32     33.89   1360.80   8196.68
08:58:55 AM     67.11     21.48     45.64   5497.99  11036.24
08:58:58 AM     55.52     10.70     44.82   2739.80  10993.98
08:59:01 AM     66.00     32.00     34.00   8192.00   8226.67
08:59:04 AM     34.11      5.35     28.76   1369.90   6878.93
08:59:07 AM     71.57     32.11     39.46   8219.40   9624.08
08:59:10 AM     45.82      5.35     40.47   1369.90   9632.11
08:59:13 AM     89.63     37.46     52.17   9589.30  12382.61
08:59:16 AM     45.33      0.00     45.33      0.00  10965.33
08:59:19 AM     71.10     37.21     33.89   9525.58   8196.68
08:59:22 AM     56.00      5.33     50.67   1365.33  12330.67
08:59:25 AM     71.81     32.21     39.60   8246.98   9656.38
08:59:28 AM     56.33     10.67     45.67   2730.67  10962.67
08:59:31 AM     77.26     26.76     50.50   6849.50  12363.88
08:59:34 AM     61.67     16.00     45.67   4096.00  10962.67
08:59:37 AM     83.22     37.58     45.64   9621.48  11038.93
08:59:40 AM     55.85     10.70     45.15   2739.80  10993.98
08:59:43 AM     73.24     21.40     51.84   5479.60  12382.61
08:59:46 AM     88.00     42.67     45.33  10922.67  10965.33
08:59:49 AM     51.00      5.33     45.67   1365.33  10968.00
08:59:52 AM     61.54     16.05     45.48   4109.70  11002.01
08:59:55 AM     72.00     26.67     45.33   6826.67  10965.33
08:59:58 AM     77.00     32.00     45.00   8192.00  10957.33
09:00:01 AM     51.00      5.33     45.67   1365.33  10965.33
09:00:04 AM     55.85     21.40     34.45   5479.60   8264.88
09:00:07 AM     22.33      0.00     22.33      0.00   5474.67
09:00:10 AM     55.67     21.33     34.33   5461.33   8221.33
09:00:13 AM     60.40     32.21     28.19   8246.98   6893.96
09:00:16 AM     33.33      0.00     33.33      0.00   8216.00
09:00:19 AM     56.33     16.00     40.33   4096.00   9600.00
09:00:22 AM     62.21     10.70     51.51   2739.80  12379.93
09:00:25 AM     93.67     48.00     45.67  12288.00  10968.00
09:00:28 AM     56.19      5.35     50.84   1369.90  12371.91
09:00:31 AM     77.59     32.11     45.48   8219.40  11002.01
09:00:34 AM     85.62     32.11     53.51   8219.40  12393.31
09:00:37 AM     55.67     10.67     45.00   2730.67  10957.33
Average:       170.02     54.32    115.70  13905.29  27954.20
