Linux 4.2.2 (vm3_28) 	07/18/2017 	_x86_64_	(1 CPU)

09:35:06 AM       tps      rtps      wtps   bread/s   bwrtn/s
09:35:09 AM    188.55     48.48    140.07  12412.12  33247.14
09:35:12 AM    194.97     75.17    119.80  19242.95  28955.70
09:35:15 AM    253.38     81.08    172.30  20756.76  41648.65
09:35:18 AM    241.75     80.81    160.94  20686.87  38750.17
09:35:21 AM    257.38     75.17    182.21  19242.95  44126.17
09:35:24 AM    241.08     80.81    160.27  20686.87  38747.47
09:35:27 AM    256.52     74.92    181.61  19178.60  43981.27
09:35:30 AM    247.64     81.08    166.55  20756.76  40264.86
09:35:33 AM    254.05     75.68    178.38  19372.97  43035.14
09:35:36 AM    251.34     85.91    165.44  21991.95  39991.95
09:35:39 AM    281.42    102.36    179.05  26205.41  43051.35
09:35:42 AM    190.60     48.66    141.95  12456.38  34467.11
09:35:45 AM    218.79     69.80    148.99  17868.46  35860.40
09:35:48 AM    247.47     75.42    172.05  19307.74  41513.80
09:35:51 AM    258.78     81.08    177.70  20756.76  43037.84
09:35:54 AM    266.89     90.97    175.92  23288.29  42606.02
09:35:57 AM    270.03     80.81    189.23  20686.87  45667.34
09:36:00 AM    264.53     81.08    183.45  20756.76  44418.92
09:36:03 AM    316.78    128.86    187.92  32987.92  45506.04
09:36:06 AM    236.82     70.27    166.55  17989.19  40254.05
09:36:09 AM    257.05     80.54    176.51  20617.45  42743.62
09:36:12 AM    247.30     81.08    166.22  20756.76  40262.16
09:36:15 AM    275.76     86.20    189.56  22065.99  45664.65
09:36:18 AM    236.03     75.42    160.61  19307.74  38750.17
09:36:21 AM    253.38     81.08    172.30  20756.76  41654.05
09:36:24 AM    254.05     75.68    178.38  19372.97  43035.14
09:36:27 AM    269.93     91.89    178.04  23524.32  43024.32
09:36:30 AM    235.69     70.03    165.66  17928.62  40126.60
09:36:33 AM    228.43     74.92    153.51  19178.60  37113.04
09:36:36 AM    195.99     48.16    147.83  12329.10  35737.79
09:36:39 AM    245.97     80.54    165.44  20617.45  39989.26
09:36:42 AM    268.01     96.97    171.04  24824.24  41503.03
09:36:45 AM    258.05     75.17    182.89  19242.95  44120.81
09:36:48 AM    250.67     80.54    170.13  20617.45  41344.97
09:36:51 AM    253.02     75.17    177.85  19242.95  42754.36
09:36:54 AM    235.57     75.17    160.40  19242.95  38614.77
09:36:57 AM    250.50     85.62    164.88  21918.39  39855.52
09:37:00 AM    257.58     80.81    176.77  20686.87  42884.85
09:37:03 AM    241.41     75.42    165.99  19307.74  40126.60
09:37:06 AM    251.68     80.54    171.14  20617.45  41366.44
09:37:09 AM    253.38     86.49    166.89  22140.54  40267.57
09:37:12 AM    268.46     85.91    182.55  21991.95  44123.49
09:37:15 AM    246.80     70.03    176.77  17928.62  42884.85
09:37:18 AM    255.22     80.81    174.41  20686.87  42200.67
09:37:21 AM    272.05     91.58    180.47  23445.12  43579.80
09:37:24 AM    219.59     75.68    143.92  19372.97  34713.51
09:37:27 AM    213.80     64.65    149.16  16549.49  35973.06
09:37:30 AM    240.74     75.42    165.32  19307.74  40118.52
09:37:33 AM    259.46     81.08    178.38  20756.76  43048.65
09:37:36 AM    251.85     80.81    171.04  20686.87  41505.72
09:37:39 AM    230.30     70.03    160.27  17928.62  38744.78
09:37:42 AM    297.97    119.32    178.64  30546.44  43181.02
09:37:45 AM    213.42     53.69    159.73  13744.97  38612.08
09:37:48 AM    263.30     91.58    171.72  23445.12  41492.26
09:37:51 AM    217.39     64.21    153.18  16438.80  37107.69
09:37:54 AM    245.15     80.27    164.88  20548.49  39858.19
09:37:57 AM    279.19     91.28    187.92  23366.44  45487.25
09:38:00 AM    242.91     75.68    167.23  19372.97  40267.57
09:38:03 AM    281.08     97.30    183.78  24908.11  44432.43
09:38:06 AM    235.69     70.03    165.66  17928.62  40126.60
09:38:09 AM    259.80     75.68    184.12  19372.97  44418.92
09:38:12 AM    252.19     80.81    171.38  20686.87  41508.42
09:38:15 AM    228.86     75.17    153.69  19242.95  37226.85
09:38:18 AM     33.22      5.32     27.91   1360.80   6825.25
09:38:21 AM      6.00      0.00      6.00      0.00   1373.33
09:38:24 AM    109.40     64.43     44.97  16493.96  11030.87
09:38:27 AM     28.67      0.00     28.67      0.00   6856.00
09:38:30 AM     56.19      5.35     50.84   1369.90  12371.91
09:38:33 AM     66.67     10.67     56.00   2730.67  13696.00
09:38:36 AM     88.96     48.16     40.80  12329.10   9642.81
09:38:39 AM     48.83     10.70     38.13   2739.80   8944.48
09:38:42 AM     64.00     21.33     42.67   5461.33  10280.00
09:38:45 AM     45.00      0.00     45.00      0.00  10954.67
09:38:48 AM     93.29     53.69     39.60  13744.97   9656.38
09:38:51 AM     61.54     10.70     50.84   2739.80  12371.91
09:38:54 AM     61.54     16.05     45.48   4109.70  11002.01
09:38:57 AM     50.67     10.67     40.00   2730.67   9597.33
09:39:00 AM     83.22     37.58     45.64   9621.48  11038.93
09:39:03 AM     55.33     16.00     39.33   4096.00   9594.67
09:39:06 AM     61.54     16.05     45.48   4109.70  11002.01
09:39:09 AM     72.91     26.76     46.15   6849.50  11007.36
09:39:12 AM     67.00     21.33     45.67   5461.33  10962.67
09:39:15 AM     66.89     21.40     45.48   5479.60  11002.01
09:39:18 AM     55.52      5.35     50.17   1369.90  12363.88
09:39:21 AM    105.02     53.51     51.51  13699.00  12379.93
09:39:24 AM     50.00     10.67     39.33   2730.67   9592.00
09:39:27 AM     56.00     10.67     45.33   2730.67  10965.33
09:39:30 AM     77.85     32.21     45.64   8246.98  11038.93
09:39:33 AM     66.67     21.33     45.33   5461.33  10965.33
09:39:36 AM     67.45     21.48     45.97   5497.99  11041.61
09:39:39 AM     61.67     16.00     45.67   4096.00  10962.67
09:39:42 AM     77.59     21.40     56.19   5479.60  13744.48
09:39:45 AM     83.89     32.21     51.68   8246.98  12418.79
09:39:48 AM     83.61     26.76     56.86   6849.50  13749.83
09:39:51 AM     61.00     16.00     45.00   4096.00  10957.33
09:39:54 AM    100.00     37.58     62.42   9621.48  15173.15
09:39:57 AM     61.79     10.63     51.16   2721.59  12297.67
09:40:00 AM     77.52     32.21     45.30   8246.98  11030.87
09:40:03 AM     51.00     10.67     40.33   2730.67   9621.33
09:40:06 AM     54.85     32.11     22.74   8219.40   5509.03
09:40:09 AM     33.77      0.00     33.77      0.00   8169.54
09:40:12 AM     28.09      0.00     28.09      0.00   6873.58
09:40:15 AM     44.15     21.40     22.74   5479.60   5501.00
09:40:18 AM     39.33     10.67     28.67   2730.67   6856.00
09:40:21 AM     51.17     16.05     35.12   4109.70   8264.88
09:40:24 AM     66.22     32.11     34.11   8219.40   8251.51
09:40:27 AM     67.11     16.11     51.01   4123.49  12416.11
09:40:30 AM     72.67     21.33     51.33   5461.33  12338.67
09:40:33 AM     72.24     21.40     50.84   5479.60  12374.58
09:40:36 AM     97.66     37.46     60.20   9589.30  13779.26
Average:       168.91     54.07    114.84  13840.71  27749.73
