Linux 4.2.2 (vm3_28) 	07/18/2017 	_x86_64_	(1 CPU)

09:08:27 AM       tps      rtps      wtps   bread/s   bwrtn/s
09:08:30 AM    231.29     87.07    144.22  22291.16  34968.71
09:08:33 AM    168.12     53.69    114.43  13744.97  27586.58
09:08:36 AM    276.67     96.00    180.67  24576.00  43816.00
09:08:39 AM    290.60     91.28    199.33  23366.44  48257.72
09:08:42 AM    273.58     85.62    187.96  21918.39  45356.52
09:08:45 AM    268.12     80.54    187.58  20617.45  45489.93
09:08:48 AM    211.71     74.92    136.79  19178.60  32987.29
09:08:51 AM    201.34     59.06    142.28  15119.46  34469.80
09:08:54 AM    247.14     80.81    166.33  20686.87  40129.29
09:08:57 AM    276.95     86.78    190.17  22215.59  45963.39
09:09:00 AM    292.95    102.01    190.94  26115.44  45538.26
09:09:03 AM    252.53     80.81    171.72  20686.87  41511.11
09:09:06 AM    261.67     74.67    187.00  19114.67  45194.67
09:09:09 AM    264.53     86.49    178.04  22140.54  43035.14
09:09:12 AM    253.72     75.68    178.04  19372.97  43037.84
09:09:15 AM    257.05     85.91    171.14  21991.95  41374.50
09:09:18 AM    235.69     75.42    160.27  19307.74  38750.17
09:09:21 AM    247.14     75.42    171.72  19307.74  41505.72
09:09:24 AM    266.89     96.32    170.57  24658.19  41238.80
09:09:27 AM    271.19     86.78    184.41  22215.59  44572.20
09:09:30 AM    247.32     75.17    172.15  19242.95  41385.23
09:09:33 AM    242.09     70.03    172.05  17928.62  41511.11
09:09:36 AM    279.19     96.64    182.55  24740.94  44120.81
09:09:39 AM    206.71     64.43    142.28  16493.96  34472.48
09:09:42 AM    265.22     83.61    181.61  21404.68  43978.60
09:09:45 AM    186.29     55.52    130.77  14212.71  31614.72
09:09:48 AM    259.46     75.68    183.78  19372.97  44429.73
09:09:51 AM    257.91     86.20    171.72  22065.99  41505.72
09:09:54 AM    258.78     91.89    166.89  23524.32  40270.27
09:09:57 AM    245.97     75.17    170.81  19242.95  41366.44
09:10:00 AM    276.27     97.63    178.64  24992.54  43178.31
09:10:03 AM    156.86     42.81    114.05  10959.20  27510.37
09:10:06 AM    102.67     37.33     65.33   9557.33  15106.67
09:10:09 AM    122.41     37.46     84.95   9589.30  20623.41
09:10:12 AM    196.28     64.86    131.42  16605.41  31940.54
09:10:15 AM    247.14     80.81    166.33  20686.87  40134.68
09:10:18 AM    241.89     75.68    166.22  19372.97  40251.35
09:10:21 AM    259.46     81.08    178.38  20756.76  43035.14
09:10:24 AM    263.30     80.81    182.49  20686.87  44263.97
09:10:27 AM    259.12     81.08    178.04  20756.76  43037.84
09:10:30 AM    263.09     80.54    182.55  20617.45  44126.17
09:10:33 AM    251.68     80.54    171.14  20617.45  41369.13
09:10:36 AM    229.53     75.17    154.36  19242.95  37242.95
09:10:39 AM    245.97     75.17    170.81  19242.95  41369.13
09:10:42 AM    208.72     75.17    133.56  19242.95  31747.65
09:10:45 AM    252.01     80.54    171.48  20617.45  41366.44
09:10:48 AM    251.01     80.54    170.47  20617.45  41358.39
09:10:51 AM    263.64     86.20    177.44  22065.99  42892.93
09:10:54 AM    242.23     75.68    166.55  19372.97  40264.86
09:10:57 AM    246.31     75.17    171.14  19242.95  41366.44
09:11:00 AM    241.75     75.42    166.33  19307.74  40140.07
09:11:03 AM    253.04     81.08    171.96  20756.76  41643.24
09:11:06 AM    245.97     75.17    170.81  19242.95  41369.13
09:11:09 AM    236.82     75.68    161.15  19372.97  38867.57
09:11:12 AM    271.77     92.52    179.25  23684.35  43325.17
09:11:15 AM    246.31     75.17    171.14  19242.95  41374.50
09:11:18 AM    268.12     91.28    176.85  23366.44  42748.99
09:11:21 AM    262.42     91.28    171.14  23366.44  41361.07
09:11:24 AM    252.53     80.81    171.72  20686.87  41513.80
09:11:27 AM    253.72     75.68    178.04  19372.97  43037.84
09:11:30 AM    189.97     58.86    131.10  15068.90  31612.04
09:11:33 AM    207.07     64.65    142.42  16549.49  34585.86
09:11:36 AM    238.21     74.42    163.79  19051.16  39593.36
09:11:39 AM     16.72      0.00     16.72      0.00   4034.78
09:11:42 AM     11.30      5.32      5.98   1360.80   1456.48
09:11:45 AM     66.33     42.67     23.67  10922.67   5485.33
09:11:48 AM     33.33     10.67     22.67   2730.67   5488.00
09:11:51 AM     40.13      5.35     34.78   1369.90   8246.15
09:11:54 AM     28.00      0.00     28.00      0.00   6850.67
09:11:57 AM     45.33     16.00     29.33   4096.00   6866.67
09:12:00 AM     60.54     21.40     39.13   5479.60   9616.05
09:12:03 AM     60.87     26.76     34.11   6849.50   8251.51
09:12:06 AM     60.87     21.40     39.46   5479.60   9621.40
09:12:09 AM     39.67      5.33     34.33   1365.33   8221.33
09:12:12 AM     38.54      5.32     33.22   1360.80   8188.70
09:12:15 AM     56.19     21.40     34.78   5479.60   8251.51
09:12:18 AM     38.80     10.70     28.09   2739.80   6873.58
09:12:21 AM     55.70     21.48     34.23   5497.99   8279.19
09:12:24 AM     60.87     21.40     39.46   5479.60   9621.40
09:12:27 AM     34.00      5.33     28.67   1365.33   6856.00
09:12:30 AM     40.13     10.70     29.43   2739.80   6884.28
09:12:33 AM     55.33     21.33     34.00   5461.33   8224.00
09:12:36 AM     50.17     21.40     28.76   5479.60   6878.93
09:12:39 AM     50.00     16.00     34.00   4096.00   8224.00
09:12:42 AM     44.33     10.67     33.67   2730.67   8216.00
09:12:45 AM     50.67     16.11     34.56   4123.49   8279.19
09:12:48 AM     50.00     21.48     28.52   5497.99   6893.96
09:12:51 AM     44.67     10.67     34.00   2730.67   8218.67
09:12:54 AM     34.11      5.35     28.76   1369.90   6878.93
09:12:57 AM     44.00     16.00     28.00   4096.00   6850.67
09:13:00 AM     61.07     26.85     34.23   6872.48   8281.88
09:13:03 AM     39.33     10.67     28.67   2730.67   6856.00
09:13:06 AM     44.97     10.74     34.23   2748.99   8273.83
09:13:09 AM     39.00     10.67     28.33   2730.67   6848.00
09:13:12 AM     50.33     16.00     34.33   4096.00   8221.33
09:13:15 AM     61.20     21.40     39.80   5479.60   9616.05
09:13:18 AM     38.80     10.70     28.09   2739.80   6873.58
09:13:21 AM     28.00      5.33     22.67   1365.33   5482.67
09:13:24 AM     77.18     32.21     44.97   8246.98  11028.19
09:13:27 AM     39.67     10.67     29.00   2730.67   6858.67
09:13:30 AM     66.11     26.85     39.26   6872.48   9645.64
09:13:33 AM     39.67      5.33     34.33   1365.33   8221.33
09:13:36 AM     28.43      0.00     28.43      0.00   6870.90
09:13:39 AM     82.27     48.16     34.11  12329.10   8251.51
09:13:42 AM     33.67      5.33     28.33   1365.33   6853.33
09:13:45 AM     56.19     16.05     40.13   4109.70   9629.43
09:13:48 AM     39.00      5.33     33.67   1365.33   8216.00
09:13:51 AM     28.67      0.00     28.67      0.00   6856.00
09:13:54 AM     92.98     58.86     34.11  15068.90   8251.51
09:13:57 AM     28.24      0.00     28.24      0.00   6825.25
Average:       158.10     50.77    107.34  12995.84  25928.78
