Linux 4.2.2 (vm3_28) 	07/18/2017 	_x86_64_	(1 CPU)

08:48:28 AM       tps      rtps      wtps   bread/s   bwrtn/s
08:48:31 AM    185.91     42.95    142.95  10995.97  34502.01
08:48:34 AM    201.01     69.80    131.21  17868.46  31712.75
08:48:37 AM    282.37     92.20    190.17  23604.07  45966.10
08:48:40 AM    254.05     70.27    183.78  17989.19  44421.62
08:48:43 AM    262.75     80.54    182.21  20617.45  44128.86
08:48:46 AM    309.15    124.75    184.41  31934.92  44569.49
08:48:49 AM    244.59     75.68    168.92  19372.97  40275.68
08:48:52 AM    229.97     64.65    165.32  16549.49  40026.94
08:48:55 AM    224.58     75.42    149.16  19307.74  36067.34
08:48:58 AM    180.47     48.48    131.99  12412.12  31830.30
08:49:01 AM    258.25     80.81    177.44  20686.87  42898.32
08:49:04 AM    268.12    102.01    166.11  26115.44  40008.05
08:49:07 AM    254.05     75.68    178.38  19372.97  43043.24
08:49:10 AM    270.85     92.20    178.64  23604.07  43172.88
08:49:13 AM    245.97     80.54    165.44  20617.45  39989.26
08:49:16 AM    240.94     69.80    171.14  17868.46  41371.81
08:49:19 AM    228.33     64.00    164.33  16384.00  39725.33
08:49:22 AM    236.36     80.81    155.56  20686.87  37371.04
08:49:25 AM    255.33     90.67    164.67  23210.67  39733.33
08:49:28 AM    241.08     80.81    160.27  20686.87  38728.62
08:49:31 AM    262.42     80.54    181.88  20617.45  44112.75
08:49:34 AM    259.80     75.68    184.12  19372.97  44427.03
08:49:37 AM    256.86     80.27    176.59  20548.49  42608.70
08:49:40 AM    260.88     81.63    179.25  20897.96  43319.73
08:49:43 AM    245.82     69.57    176.25  17808.70  42606.02
08:49:46 AM    221.67     80.00    141.67  20480.00  34237.33
08:49:49 AM    219.26     75.68    143.58  19372.97  34708.11
08:49:52 AM    234.90     69.80    165.10  17868.46  40000.00
08:49:55 AM    247.97     81.08    166.89  20756.76  40272.97
08:49:58 AM    263.64     80.81    182.83  20686.87  44272.05
08:50:01 AM    228.38     70.27    158.11  17989.19  38091.89
08:50:04 AM    114.09     53.69     60.40  13744.97  14587.92
08:50:07 AM     99.33     21.33     78.00   5461.33  19170.67
08:50:10 AM    247.97     75.68    172.30  19372.97  41643.24
08:50:13 AM    248.15     75.42    172.73  19307.74  41521.89
08:50:16 AM    247.30     81.08    166.22  20756.76  40259.46
08:50:19 AM    257.58     91.58    165.99  23445.12  40123.91
08:50:22 AM    231.08     70.27    160.81  17989.19  38872.97
08:50:25 AM    280.74     97.30    183.45  24908.11  44413.51
08:50:28 AM    252.86     80.81    172.05  20686.87  41508.42
08:50:31 AM    279.53     85.91    193.62  21991.95  46867.11
08:50:34 AM    254.18     80.27    173.91  20548.49  41260.20
08:50:37 AM    241.75     70.03    171.72  17928.62  41503.03
08:50:40 AM    263.85     91.89    171.96  23524.32  41643.24
08:50:43 AM    191.25     48.48    142.76  12412.12  34593.94
08:50:46 AM    223.57     80.81    142.76  20686.87  34588.55
08:50:49 AM    235.45     69.57    165.89  17808.70  39874.25
08:50:52 AM    274.75     91.58    183.16  23445.12  44282.83
08:50:55 AM    263.51     91.89    171.62  23524.32  41645.95
08:50:58 AM    390.36    129.95    260.41  33267.01  62550.25
08:51:01 AM    268.12     85.91    182.21  21991.95  44120.81
08:51:04 AM    245.15     74.92    170.23  19178.60  41225.42
08:51:07 AM    242.95     64.43    178.52  16493.96  42757.05
08:51:10 AM    237.92     75.17    162.75  19242.95  39385.23
08:51:13 AM    238.38     75.42    162.96  19307.74  39361.62
08:51:16 AM    252.70     81.08    171.62  20756.76  41637.84
08:51:19 AM    314.19    124.32    189.86  31827.03  45824.32
08:51:22 AM    264.31     75.42    188.89  19307.74  45637.71
08:51:25 AM    242.57     75.68    166.89  19372.97  40264.86
08:51:28 AM    263.30     86.20    177.10  22065.99  42884.85
08:51:31 AM    265.76     86.78    178.98  22215.59  43191.86
08:51:34 AM    223.49     69.80    153.69  17868.46  37234.90
08:51:37 AM    128.52     32.21     96.31   8246.98  23430.87
08:51:40 AM     11.33      0.00     11.33      0.00   2741.33
08:51:43 AM     11.63      0.00     11.63      0.00   2729.57
08:51:46 AM     32.78     21.40     11.37   5479.60   2750.50
08:51:49 AM      5.35      0.00      5.35      0.00   1372.58
08:51:52 AM     11.63      0.00     11.63      0.00   2729.57
08:51:55 AM     16.72      5.35     11.37   1369.90   2750.50
08:51:58 AM     50.67     26.67     24.00   6826.67   5501.33
08:52:01 AM     49.50     21.40     28.09   5479.60   6876.25
08:52:04 AM     34.00      5.33     28.67   1365.33   6856.00
08:52:07 AM     44.00      5.33     38.67   1365.33   9581.33
08:52:10 AM     34.11      5.35     28.76   1369.90   6878.93
08:52:13 AM     71.24     37.46     33.78   9589.30   8243.48
08:52:16 AM     44.15     21.40     22.74   5479.60   5501.00
08:52:19 AM     39.46     10.70     28.76   2739.80   6878.93
08:52:22 AM     28.00      0.00     28.00      0.00   6850.67
08:52:25 AM     39.46      5.35     34.11   1369.90   8251.51
08:52:28 AM     38.67     10.67     28.00   2730.67   6848.00
08:52:31 AM     60.87     32.11     28.76   8219.40   6878.93
08:52:34 AM     51.00     26.67     24.33   6826.67   5490.67
08:52:37 AM     34.00      0.00     34.00      0.00   8224.00
08:52:40 AM     34.11      5.35     28.76   1369.90   6878.93
08:52:43 AM     27.91      0.00     27.91      0.00   6827.91
08:52:46 AM     34.11      5.35     28.76   1369.90   6881.61
08:52:49 AM     93.29     59.06     34.23  15119.46   8279.19
08:52:52 AM     28.33      0.00     28.33      0.00   6848.00
08:52:55 AM     22.74      0.00     22.74      0.00   5501.00
08:52:58 AM     49.33     21.33     28.00   5461.33   6850.67
08:53:01 AM     33.67      5.33     28.33   1365.33   6850.67
08:53:04 AM     33.78      5.35     28.43   1369.90   6870.90
08:53:07 AM     77.18     48.32     28.86  12370.47   6902.01
08:53:10 AM     28.67      0.00     28.67      0.00   6853.33
08:53:13 AM     33.33      5.33     28.00   1365.33   6850.67
08:53:16 AM     34.11      5.35     28.76   1369.90   6878.93
08:53:19 AM     28.67      0.00     28.67      0.00   6853.33
08:53:22 AM     87.54     59.26     28.28  15170.37   6919.87
08:53:25 AM     34.00      5.33     28.67   1365.33   6856.00
08:53:28 AM     28.00      5.33     22.67   1365.33   5482.67
08:53:31 AM     39.00      5.33     33.67   1365.33   8216.00
08:53:34 AM     22.74      0.00     22.74      0.00   5501.00
08:53:37 AM     28.33      0.00     28.33      0.00   6848.00
08:53:40 AM     76.25     53.51     22.74  13699.00   5501.00
08:53:43 AM     45.30     10.74     34.56   2748.99   8273.83
08:53:46 AM     28.67      0.00     28.67      0.00   6856.00
08:53:49 AM     38.67     10.67     28.00   2730.67   6850.67
08:53:52 AM     39.33     10.67     28.67   2730.67   6856.00
08:53:55 AM     22.74      0.00     22.74      0.00   5501.00
08:53:58 AM     44.15     21.40     22.74   5479.60   5501.00
Average:       154.87     49.43    105.44  12652.80  25465.52
