Linux 4.2.2 (vm2_114) 	07/16/2017 	_x86_64_	(1 CPU)

01:53:12 AM       tps      rtps      wtps   bread/s   bwrtn/s
01:53:15 AM     15.00     15.00      0.00    354.67      0.00
01:53:18 AM      1.00      0.00      1.00      0.00     24.00
01:53:21 AM      0.00      0.00      0.00      0.00      0.00
01:53:24 AM      1.99      1.33      0.66    204.65     10.63
01:53:27 AM      0.67      0.33      0.33      2.67      2.67
01:53:30 AM      0.67      0.00      0.67      0.00     10.67
01:53:33 AM      0.00      0.00      0.00      0.00      0.00
01:53:36 AM      0.67      0.00      0.67      0.00      8.00
01:53:39 AM      0.00      0.00      0.00      0.00      0.00
01:53:42 AM      0.67      0.00      0.67      0.00      8.00
01:53:45 AM      0.00      0.00      0.00      0.00      0.00
01:53:48 AM      1.33      0.00      1.33      0.00     26.67
01:53:51 AM      2.66      0.00      2.66      0.00     23.92
01:53:54 AM      0.33      0.00      0.33      0.00      5.33
01:53:57 AM      0.33      0.00      0.33      0.00      2.67
01:54:00 AM      0.67      0.00      0.67      0.00      8.03
01:54:03 AM      0.00      0.00      0.00      0.00      0.00
01:54:06 AM      0.67      0.00      0.67      0.00      8.03
01:54:09 AM      0.00      0.00      0.00      0.00      0.00
01:54:12 AM      0.67      0.00      0.67      0.00      8.00
01:54:15 AM      0.00      0.00      0.00      0.00      0.00
01:54:18 AM      0.66      0.00      0.66      0.00      7.95
01:54:21 AM      0.67      0.00      0.67      0.00      5.33
01:54:24 AM      0.67      0.00      0.67      0.00      8.03
01:54:27 AM      0.00      0.00      0.00      0.00      0.00
01:54:30 AM      0.67      0.00      0.67      0.00      8.03
01:54:33 AM      0.00      0.00      0.00      0.00      0.00
01:54:36 AM      0.66      0.00      0.66      0.00      7.97
01:54:39 AM      0.00      0.00      0.00      0.00      0.00
01:54:42 AM      0.67      0.00      0.67      0.00      8.03
01:54:45 AM      0.00      0.00      0.00      0.00      0.00
01:54:48 AM      0.67      0.00      0.67      0.00     10.70
01:54:51 AM      0.00      0.00      0.00      0.00      0.00
01:54:54 AM      0.67      0.00      0.67      0.00      8.00
01:54:57 AM      0.67      0.00      0.67      0.00      5.35
01:55:00 AM      0.67      0.00      0.67      0.00      8.00
01:55:03 AM      0.00      0.00      0.00      0.00      0.00
01:55:06 AM      1.33      0.00      1.33      0.00     13.33
01:55:09 AM      0.00      0.00      0.00      0.00      0.00
01:55:12 AM      0.67      0.00      0.67      0.00      8.00
01:55:15 AM      0.00      0.00      0.00      0.00      0.00
01:55:18 AM      0.67      0.00      0.67      0.00      8.00
01:55:21 AM      0.00      0.00      0.00      0.00      0.00
01:55:24 AM      0.67      0.00      0.67      0.00      8.03
01:55:27 AM      0.00      0.00      0.00      0.00      0.00
01:55:30 AM      0.66      0.00      0.66      0.00      7.97
01:55:33 AM      0.67      0.00      0.67      0.00      5.33
01:55:36 AM      0.67      0.00      0.67      0.00      8.00
01:55:39 AM      0.00      0.00      0.00      0.00      0.00
01:55:42 AM      0.67      0.00      0.67      0.00      8.00
01:55:45 AM      0.00      0.00      0.00      0.00      0.00
01:55:48 AM      0.67      0.00      0.67      0.00     10.67
01:55:51 AM      0.00      0.00      0.00      0.00      0.00
01:55:54 AM      0.66      0.00      0.66      0.00      7.97
01:55:57 AM      0.00      0.00      0.00      0.00      0.00
01:56:00 AM      0.67      0.00      0.67      0.00      8.00
01:56:03 AM      0.00      0.00      0.00      0.00      0.00
01:56:06 AM      1.33      0.00      1.33      0.00     13.33
01:56:09 AM      0.00      0.00      0.00      0.00      0.00
01:56:12 AM      0.67      0.00      0.67      0.00      8.00
01:56:15 AM      0.00      0.00      0.00      0.00      0.00
01:56:21 AM   1551.18   1415.79    135.39  12781.05  29472.63
01:56:26 AM    743.99    694.50     49.48   6993.81  12384.88
01:56:29 AM    443.34    443.00      0.34   4327.65      2.73
01:56:32 AM    664.71    600.35     64.36   5647.06  15651.21
01:56:35 AM    469.39    468.71      0.68   4334.69      8.16
01:56:38 AM    439.93    439.60      0.34   4150.34      5.37
01:56:41 AM    334.00    281.67     52.33   2818.67  13261.33
01:56:44 AM    290.37    290.03      0.33   2546.18      5.32
01:56:47 AM    294.65    294.31      0.33   2565.89      2.68
01:56:50 AM    223.00    222.33      0.67   2354.67     10.67
01:56:53 AM    221.00    221.00      0.00   1997.33      0.00
01:56:56 AM    191.33    184.67      6.67   1605.33   1370.67
01:56:59 AM    200.33    194.35      5.98   1690.37   1488.37
01:57:02 AM    186.62    177.93      8.70   1519.73   1680.27
01:57:05 AM    167.67    161.33      6.33   1538.67   1429.33
01:57:08 AM    136.33    135.33      1.00   1213.33     72.00
01:57:11 AM    136.33    127.33      9.00   1085.33   2024.00
01:57:14 AM    102.67    102.00      0.67    933.33      8.00
01:57:17 AM     62.33     52.33     10.00    461.33   2328.00
01:57:20 AM     63.12     60.13      2.99    938.21    300.33
01:57:23 AM     44.15     44.15      0.00    767.89      0.00
01:57:26 AM     89.63     34.45     55.18    414.72   5886.29
01:57:29 AM     34.88     34.88      0.00    382.72      0.00
01:57:32 AM     37.67     37.00      0.67    320.00      8.00
01:57:35 AM     26.76     26.42      0.33    248.83      2.68
01:57:38 AM     24.25     23.59      0.66    201.99      7.97
01:57:41 AM     25.33     25.33      0.00    208.00      0.00
01:57:44 AM     29.67     29.00      0.67    250.67      8.00
01:57:47 AM     25.67     25.67      0.00    224.00      0.00
01:57:50 AM     28.24     27.57      0.66    244.52     10.63
01:57:53 AM     31.44     31.44      0.00    251.51      0.00
01:57:56 AM     32.00     31.33      0.67    293.33      8.00
01:57:59 AM     27.00     27.00      0.00    229.33      0.00
01:58:02 AM     24.92     23.92      1.00    196.68     10.63
01:58:05 AM     26.09     26.09      0.00    222.07      0.00
01:58:08 AM     22.67     21.67      1.00    194.67     10.67
01:58:11 AM     24.92     24.92      0.00    212.62      0.00
01:58:14 AM     26.00     25.33      0.67    224.00      8.00
01:58:17 AM     29.67     29.67      0.00    264.00      0.00
01:58:20 AM     23.00     22.33      0.67    213.33      8.00
01:58:23 AM     24.33     24.00      0.33    208.00      2.67
01:58:26 AM     26.67     26.00      0.67    389.33      8.00
01:58:29 AM     32.00     24.33      7.67    256.00    240.00
01:58:32 AM     21.00     20.33      0.67    194.67     10.67
01:58:35 AM     22.33     22.33      0.00    181.33      0.00
01:58:38 AM     28.24     26.91      1.33    228.57     18.60
01:58:41 AM     27.33     27.00      0.33    242.67      2.67
01:58:44 AM     56.52     25.75     30.77    222.07   1265.55
01:58:47 AM     27.00     27.00      0.00    224.00      0.00
Average:        91.29     85.10      6.19    796.27   1198.60
