Linux 4.2.2 (vm2_114) 	07/16/2017 	_x86_64_	(1 CPU)

05:33:10 AM       tps      rtps      wtps   bread/s   bwrtn/s
05:33:13 AM      0.00      0.00      0.00      0.00      0.00
05:33:16 AM      0.33      0.00      0.33      0.00     21.26
05:33:19 AM      0.33      0.00      0.33      0.00      2.67
05:33:22 AM      0.33      0.00      0.33      0.00      5.33
05:33:25 AM      0.33      0.00      0.33      0.00      2.67
05:33:28 AM      0.33      0.00      0.33      0.00      8.00
05:33:31 AM      0.33      0.00      0.33      0.00      2.67
05:33:34 AM      0.67      0.00      0.67      0.00     10.67
05:33:37 AM      0.33      0.00      0.33      0.00      0.00
05:33:40 AM      0.33      0.00      0.33      0.00      5.33
05:33:43 AM      0.33      0.00      0.33      0.00      2.66
05:33:46 AM      3.00      0.00      3.00      0.00     37.33
05:33:49 AM      0.33      0.00      0.33      0.00      2.66
05:33:52 AM      0.33      0.00      0.33      0.00      5.35
05:33:55 AM      0.33      0.00      0.33      0.00      2.66
05:33:58 AM      0.33      0.00      0.33      0.00      5.35
05:34:01 AM      0.33      0.00      0.33      0.00      2.68
05:34:04 AM      0.33      0.00      0.33      0.00      5.32
05:34:07 AM      0.33      0.00      0.33      0.00      2.67
05:34:10 AM      0.33      0.00      0.33      0.00      5.33
05:34:13 AM      0.33      0.00      0.33      0.00      2.67
05:34:16 AM      0.33      0.00      0.33      0.00      7.97
05:34:19 AM      2.33      0.00      2.33      0.00     21.33
05:34:22 AM      0.33      0.00      0.33      0.00      5.33
05:34:25 AM      0.33      0.00      0.33      0.00      2.67
05:34:28 AM      0.33      0.00      0.33      0.00      5.35
05:34:31 AM      0.33      0.00      0.33      0.00      2.66
05:34:34 AM      0.33      0.00      0.33      0.00      5.33
05:34:37 AM      0.33      0.00      0.33      0.00      2.67
05:34:40 AM      0.33      0.00      0.33      0.00      5.33
05:34:43 AM      0.33      0.00      0.33      0.00      2.66
05:34:46 AM      0.33      0.00      0.33      0.00      5.35
05:34:49 AM      0.33      0.00      0.33      0.00      2.66
05:34:52 AM      0.33      0.00      0.33      0.00      5.35
05:34:55 AM      1.00      0.00      1.00      0.00      7.97
05:34:58 AM      0.33      0.00      0.33      0.00      5.32
05:35:01 AM      0.33      0.00      0.33      0.00      2.67
05:35:04 AM      0.33      0.00      0.33      0.00      5.33
05:35:07 AM      0.33      0.00      0.33      0.00      2.66
05:35:10 AM      0.33      0.00      0.33      0.00      5.33
05:35:13 AM      0.33      0.00      0.33      0.00      2.67
05:35:16 AM      0.33      0.00      0.33      0.00      8.03
05:35:19 AM      0.33      0.00      0.33      0.00      2.66
05:35:22 AM      0.33      0.00      0.33      0.00      5.35
05:35:25 AM      0.33      0.00      0.33      0.00      2.65
05:35:28 AM      1.00      0.00      1.00      0.00     10.67
05:35:31 AM      0.33      0.00      0.33      0.00      2.67
05:35:34 AM      0.33      0.00      0.33      0.00      5.33
05:35:37 AM      0.33      0.00      0.33      0.00      2.68
05:35:40 AM      0.33      0.00      0.33      0.00      5.33
05:35:43 AM      0.33      0.00      0.33      0.00      2.66
05:35:46 AM      0.33      0.00      0.33      0.00      5.33
05:35:49 AM      0.33      0.00      0.33      0.00      2.67
05:35:52 AM      0.67      0.00      0.67      0.00      8.00
05:35:55 AM      0.33      0.00      0.33      0.00      2.66
05:35:58 AM      0.33      0.00      0.33      0.00      5.33
05:36:01 AM      1.00      0.00      1.00      0.00      7.97
05:36:04 AM      0.33      0.00      0.33      0.00      5.35
05:36:07 AM      0.33      0.00      0.33      0.00      2.67
05:36:10 AM      0.33      0.00      0.33      0.00      5.35
05:36:13 AM      0.33      0.00      0.33      0.00      2.66
05:36:16 AM      2.32      0.00      2.32      0.00     84.77
05:36:19 AM      0.33      0.00      0.33      0.00      2.67
05:36:22 AM      0.67      0.00      0.67      0.00      8.03
05:36:25 AM      0.00      0.00      0.00      0.00      0.00
05:36:28 AM      0.67      0.00      0.67      0.00      8.00
05:36:31 AM      0.00      0.00      0.00      0.00      0.00
05:36:34 AM      1.66      0.00      1.66      0.00     21.26
05:36:37 AM      0.00      0.00      0.00      0.00      0.00
05:36:40 AM      0.66      0.00      0.66      0.00      7.97
05:36:43 AM      0.00      0.00      0.00      0.00      0.00
05:36:46 AM      0.66      0.00      0.66      0.00      7.97
05:36:49 AM      0.33      0.00      0.33      0.00      2.68
05:36:52 AM      1.99      0.00      1.99      0.00     18.60
05:36:55 AM      0.00      0.00      0.00      0.00      0.00
05:36:58 AM      0.67      0.00      0.67      0.00      8.00
05:37:01 AM      0.00      0.00      0.00      0.00      0.00
05:37:04 AM      0.67      0.00      0.67      0.00      8.00
05:37:07 AM      0.66      0.00      0.66      0.00      5.32
05:37:10 AM      0.67      0.00      0.67      0.00      8.00
05:37:13 AM      0.00      0.00      0.00      0.00      0.00
05:37:16 AM      0.66      0.00      0.66      0.00     10.60
05:37:19 AM      0.00      0.00      0.00      0.00      0.00
05:37:22 AM      0.67      0.00      0.67      0.00      8.00
05:37:25 AM      0.00      0.00      0.00      0.00      0.00
05:37:28 AM      1.00      0.00      1.00      0.00     10.67
05:37:31 AM      0.00      0.00      0.00      0.00      0.00
05:37:34 AM      0.67      0.00      0.67      0.00      8.03
05:37:37 AM      0.00      0.00      0.00      0.00      0.00
05:37:40 AM      0.66      0.00      0.66      0.00      7.97
05:37:43 AM      0.67      0.00      0.67      0.00      5.35
05:37:46 AM      0.67      0.00      0.67      0.00      8.00
05:37:49 AM      0.00      0.00      0.00      0.00      0.00
05:37:52 AM      0.67      0.00      0.67      0.00      8.00
05:37:55 AM      0.00      0.00      0.00      0.00      0.00
05:37:58 AM      0.67      0.00      0.67      0.00      8.03
05:38:01 AM      0.00      0.00      0.00      0.00      0.00
05:38:04 AM      0.67      0.00      0.67      0.00      8.00
05:38:07 AM      0.00      0.00      0.00      0.00      0.00
05:38:10 AM      0.67      0.00      0.67      0.00      8.00
05:38:13 AM      0.00      0.00      0.00      0.00      0.00
05:38:16 AM      0.66      0.00      0.66      0.00     10.63
05:38:19 AM      0.66      0.00      0.66      0.00      5.32
05:38:22 AM      0.67      0.00      0.67      0.00      8.03
05:38:25 AM      0.00      0.00      0.00      0.00      0.00
05:38:28 AM      0.67      0.00      0.67      0.00     10.67
05:38:31 AM      0.00      0.00      0.00      0.00      0.00
05:38:34 AM      0.66      0.00      0.66      0.00      7.95
05:38:37 AM      0.33      0.00      0.33      0.00      2.67
05:38:40 AM      0.67      0.00      0.67      0.00      8.00
Average:         0.47      0.00      0.47      0.00      6.11
