Linux 4.2.2 (vm3_28) 	07/17/2017 	_x86_64_	(1 CPU)

08:53:01 AM       tps      rtps      wtps   bread/s   bwrtn/s
08:53:04 AM    332.53    175.34    157.19  44887.67  38016.44
08:53:07 AM    296.26    157.82    138.44  40402.72  33542.86
08:53:10 AM    320.34    135.59    184.75  34711.86  44577.63
08:53:13 AM    383.22    202.74    180.48  51901.37  43635.62
08:53:16 AM    314.24    135.59    178.64  34711.86  43175.59
08:53:19 AM    381.63    190.48    191.16  48761.90  46130.61
08:53:22 AM    331.29    152.38    178.91  39009.52  43317.01
08:53:25 AM    394.22    206.80    187.41  52941.50  44745.58
08:53:28 AM    312.84    135.14    177.70  34594.59  43032.43
08:53:31 AM    370.81    193.29    177.52  49481.88  42751.68
08:53:34 AM    351.35    172.97    178.38  44281.08  43029.73
08:53:37 AM    321.09    130.61    190.48  33436.73  46117.01
08:53:40 AM    374.83    201.36    173.47  51548.30  41926.53
08:53:43 AM    381.29    190.48    190.82  48761.90  46111.56
08:53:46 AM    340.88    151.35    189.53  38745.95  45810.81
08:53:49 AM    379.32    195.25    184.07  49985.08  44574.92
08:53:52 AM    317.85    140.07    177.78  35857.24  42874.07
08:53:55 AM    375.17    190.48    184.69  48761.90  44723.81
08:53:58 AM    357.63    178.98    178.64  45819.66  43167.46
08:54:01 AM    337.63    157.29    180.34  40265.76  43200.00
08:54:04 AM    316.84    145.45    171.38  37236.36  41497.64
08:54:07 AM    328.47    178.98    149.49  45819.66  36211.53
08:54:10 AM    202.70     75.68    127.03  19372.97  30548.65
08:54:13 AM    343.10    183.16    159.93  46890.24  38736.70
08:54:16 AM    303.05    135.59    167.46  34711.86  40387.80
08:54:19 AM    264.88    128.43    136.45  32877.59  32989.97
08:54:22 AM    272.64    135.14    137.50  34594.59  33321.62
08:54:25 AM    285.14    129.73    155.41  33210.81  37497.30
08:54:28 AM    354.88    183.16    171.72  46890.24  41513.80
08:54:31 AM    318.24    145.95    172.30  37362.16  41648.65
08:54:34 AM    352.54    178.98    173.56  45819.66  41800.68
08:54:37 AM    364.29    179.59    184.69  45975.51  44721.09
08:54:40 AM    318.24    151.35    166.89  38745.95  40256.76
08:54:43 AM    386.05    201.36    184.69  51548.30  44715.65
08:54:46 AM    314.19    135.14    179.05  34594.59  43037.84
08:54:49 AM    325.08    146.44    178.64  37488.81  43178.31
08:54:52 AM    360.27    188.55    171.72  48269.36  41513.80
08:54:55 AM    318.24    145.95    172.30  37362.16  41648.65
08:54:58 AM    363.61    185.03    178.57  47368.71  43322.45
08:55:01 AM    312.84    145.95    166.89  37362.16  40264.86
08:55:04 AM    363.05    184.41    178.64  47208.14  43186.44
08:55:07 AM    333.67    156.23    177.44  39994.61  42887.54
08:55:10 AM    311.26    141.98    169.28  36346.76  40685.32
08:55:13 AM    353.69    182.55    171.14  46732.89  41377.18
08:55:16 AM    322.56    145.45    177.10  37236.36  42879.46
08:55:19 AM    384.25    202.74    181.51  51901.37  43630.14
08:55:22 AM    318.24    145.95    172.30  37362.16  41643.24
08:55:25 AM    279.66    135.59    144.07  34711.86  34828.47
08:55:28 AM    298.33    139.13    159.20  35617.39  38472.24
08:55:31 AM    344.26    183.78    160.47  47048.65  38870.27
08:55:34 AM    307.09    140.54    166.55  35978.38  40248.65
08:55:37 AM    318.24    151.35    166.89  38745.95  40254.05
08:55:40 AM    330.17    157.29    172.88  40265.76  41797.97
08:55:43 AM    341.84    174.15    167.69  44582.31  40536.05
08:55:46 AM    318.24    145.95    172.30  37362.16  41635.14
08:55:49 AM    372.64    194.59    178.04  49816.22  43037.84
08:55:52 AM    316.38    141.98    174.40  36346.76  42066.89
08:55:55 AM    370.07    195.92    174.15  50155.10  41929.25
08:55:58 AM    308.84    141.50    167.35  36223.13  40533.33
08:56:01 AM    313.51    129.73    183.78  33210.81  44413.51
08:56:04 AM    385.37    212.24    173.13  54334.69  41926.53
08:56:07 AM    302.03    129.73    172.30  33210.81  41645.95
08:56:10 AM    149.50     64.21     85.28  16438.80  20618.06
08:56:13 AM     92.62     75.17     17.45  19242.95   4144.97
08:56:16 AM     11.30      0.00     11.30      0.00   2732.23
08:56:19 AM     19.06      2.34     16.72    599.33   4123.08
08:56:22 AM     39.67     11.33     28.33   2901.33   6848.00
08:56:25 AM     78.93     50.50     28.43  12928.43   6870.90
08:56:28 AM     61.54     21.40     40.13   5479.60   9629.43
08:56:31 AM     66.89     37.46     29.43   9589.30   6889.63
08:56:34 AM     44.82     10.70     34.11   2739.80   8251.51
08:56:37 AM     76.51     48.32     28.19  12370.47   6896.64
08:56:40 AM     55.70     21.48     34.23   5497.99   8279.19
08:56:43 AM     77.18     42.95     34.23  10995.97   8279.19
08:56:46 AM     55.33     21.33     34.00   5461.33   8224.00
08:56:49 AM     61.41     32.21     29.19   8246.98   6899.33
08:56:52 AM     50.33     26.67     23.67   6826.67   5496.00
08:56:55 AM     55.18     21.40     33.78   5479.60   8243.48
08:56:58 AM     77.18     42.95     34.23  10995.97   8279.19
08:57:01 AM     60.87     26.76     34.11   6849.50   8251.51
08:57:04 AM     61.33     26.67     34.67   6826.67   8229.33
08:57:07 AM     82.83     48.48     34.34  12412.12   8307.07
08:57:10 AM     61.00     26.67     34.33   6826.67   8221.33
08:57:13 AM     44.48     16.05     28.43   4109.70   6873.58
08:57:16 AM     44.48     16.05     28.43   4109.70   6870.90
08:57:19 AM     82.00     48.00     34.00  12288.00   8224.00
08:57:22 AM     71.33     32.00     39.33   8192.00   9589.33
08:57:25 AM     49.66     26.85     22.82   6872.48   5519.46
08:57:28 AM     77.18     42.95     34.23  10995.97   8279.19
08:57:31 AM     50.17     10.70     39.46   2739.80   9621.40
08:57:34 AM     91.69     58.47     33.22  14968.77   8188.70
08:57:37 AM     28.76      0.00     28.76      0.00   6878.93
08:57:40 AM    104.35     69.57     34.78  17808.70   8256.86
08:57:43 AM     34.00      0.00     34.00      0.00   8224.00
08:57:46 AM     98.33     64.21     34.11  16438.80   8251.51
08:57:49 AM     28.09      0.00     28.09      0.00   6873.58
08:57:52 AM     87.67     53.33     34.33  13653.33   8226.67
08:57:55 AM     39.33     10.67     28.67   2730.67   6856.00
08:57:58 AM     44.82     10.70     34.11   2739.80   8251.51
08:58:01 AM     81.61     53.51     28.09  13699.00   6873.58
08:58:04 AM     50.50     16.05     34.45   4109.70   8248.83
08:58:07 AM     76.25     48.16     28.09  12329.10   6873.58
08:58:10 AM     34.00      0.00     34.00      0.00   8224.00
08:58:13 AM     98.66     69.80     28.86  17868.46   6904.70
08:58:16 AM     39.67      0.00     39.67      0.00   9594.67
08:58:19 AM     86.67     64.00     22.67  16384.00   5482.67
08:58:22 AM     34.11      0.00     34.11      0.00   8251.51
08:58:25 AM     82.33     48.00     34.33  12288.00   8221.33
08:58:28 AM     49.83     10.70     39.13   2739.80   9613.38
08:58:31 AM     92.98     64.21     28.76  16438.80   6878.93
Average:       214.69    104.27    110.42  26693.96  26668.76
