Linux 4.2.2 (vm2_114) 	06/08/2017 	_x86_64_	(1 CPU)

07:36:27 PM       tps      rtps      wtps   bread/s   bwrtn/s
07:36:30 PM     13.00     13.00      0.00    256.00      0.00
07:36:33 PM      0.67      0.00      0.67      0.00     24.00
07:36:36 PM      0.00      0.00      0.00      0.00      0.00
07:36:39 PM      0.67      0.00      0.67      0.00      8.03
07:36:42 PM      0.66      0.33      0.33      2.66      2.66
07:36:45 PM      0.67      0.00      0.67      0.00      8.00
07:36:48 PM      0.00      0.00      0.00      0.00      0.00
07:36:51 PM      0.66      0.00      0.66      0.00      7.95
07:36:54 PM      0.00      0.00      0.00      0.00      0.00
07:36:57 PM      0.67      0.00      0.67      0.00      8.00
07:37:00 PM      0.00      0.00      0.00      0.00      0.00
07:37:03 PM      1.66      0.33      1.33      2.66     18.60
07:37:06 PM      2.33      0.00      2.33      0.00     18.60
07:37:09 PM      0.67      0.00      0.67      0.00      8.00
07:37:12 PM      0.00      0.00      0.00      0.00      0.00
07:37:15 PM      0.67      0.00      0.67      0.00      8.03
07:37:18 PM      0.00      0.00      0.00      0.00      0.00
07:37:21 PM      0.67      0.00      0.67      0.00      8.00
07:37:24 PM      0.00      0.00      0.00      0.00      0.00
07:37:27 PM      0.66      0.00      0.66      0.00     10.60
07:37:30 PM      0.00      0.00      0.00      0.00      0.00
07:37:33 PM      0.66      0.00      0.66      0.00      7.97
07:37:36 PM      0.67      0.00      0.67      0.00      5.33
07:37:39 PM      0.67      0.00      0.67      0.00      8.03
07:37:42 PM      0.33      0.00      0.33      0.00      2.66
07:37:45 PM      0.66      0.00      0.66      0.00      7.97
07:37:48 PM      0.00      0.00      0.00      0.00      0.00
07:37:51 PM      0.67      0.00      0.67      0.00      8.00
07:37:54 PM      0.00      0.00      0.00      0.00      0.00
07:37:57 PM      0.67      0.00      0.67      0.00      8.00
07:38:00 PM      0.00      0.00      0.00      0.00      0.00
07:38:03 PM      0.67      0.00      0.67      0.00      8.00
07:38:06 PM      0.00      0.00      0.00      0.00      0.00
07:38:09 PM      0.67      0.00      0.67      0.00      8.00
07:38:12 PM      0.66      0.00      0.66      0.00      5.32
07:38:15 PM      0.67      0.00      0.67      0.00      8.00
07:38:18 PM      0.00      0.00      0.00      0.00      0.00
07:38:21 PM      0.67      0.00      0.67      0.00      8.00
07:38:24 PM      0.00      0.00      0.00      0.00      0.00
07:38:27 PM      0.67      0.00      0.67      0.00     10.67
07:38:30 PM      0.00      0.00      0.00      0.00      0.00
07:38:33 PM      0.66      0.00      0.66      0.00      7.95
07:38:36 PM      0.00      0.00      0.00      0.00      0.00
07:38:39 PM      0.67      0.00      0.67      0.00      8.03
07:38:42 PM      0.00      0.00      0.00      0.00      0.00
07:38:45 PM      0.67      0.00      0.67      0.00      8.00
07:38:48 PM      0.67      0.00      0.67      0.00      5.33
07:38:51 PM      1.33      0.00      1.33      0.00     13.33
07:38:54 PM      0.00      0.00      0.00      0.00      0.00
07:38:57 PM      0.67      0.00      0.67      0.00      8.00
07:39:00 PM      0.00      0.00      0.00      0.00      0.00
07:39:03 PM      0.67      0.00      0.67      0.00      8.00
07:39:06 PM      0.00      0.00      0.00      0.00      0.00
07:39:09 PM      0.67      0.00      0.67      0.00      8.00
07:39:13 PM    238.90     59.56    179.34   2967.91  37204.40
07:39:16 PM    434.67    283.11    151.56   6513.78  36320.00
07:39:19 PM    319.60    259.14     60.47   5690.37  11279.73
07:39:22 PM    169.64    137.50     32.14   3278.57   6223.81
07:39:25 PM    151.90     92.12     59.78   2008.70    628.26
07:39:28 PM    347.47    308.08     39.39   7264.65   6117.17
07:39:31 PM     59.67     55.33      4.33   1493.33    589.33
07:39:34 PM    140.86    136.21      4.65   2511.63    449.17
07:39:37 PM     61.67     61.33      0.33   1192.00      5.33
07:39:40 PM     66.67     58.09      8.58    723.43   1481.19
07:39:43 PM    115.28    100.33     14.95   1467.11   3311.63
07:39:46 PM    105.00    104.67      0.33   1480.00      0.00
07:39:49 PM     32.78     32.12      0.66    307.28      7.95
07:39:52 PM     40.73     40.73      0.00    397.35      0.00
07:39:55 PM     41.67     41.00      0.67    328.00      8.00
07:39:58 PM     55.81     50.83      4.98    467.77    845.18
07:40:01 PM     63.91     63.58      0.33    845.03     13.25
07:40:04 PM    169.06    148.27     20.79   3928.71   3825.74
07:40:07 PM    166.08    153.30     12.78   2977.97   2699.56
07:40:11 PM     94.96     80.90     14.06   2338.46   2764.99
07:40:14 PM    102.64    101.51      1.13   1753.96     36.23
07:40:17 PM    111.33    111.33      0.00   2338.67      0.00
07:40:20 PM    153.38    136.01     17.36   2253.38   2724.12
07:40:23 PM     68.62     67.59      1.03   1211.03     27.59
07:40:26 PM     30.69     30.69      0.00    245.54      0.00
07:40:29 PM    142.72    136.08      6.65   2174.68    929.11
07:40:32 PM    195.53    177.66     17.87   4662.54   2815.12
07:40:35 PM    219.60    196.01     23.59   6822.59   4101.00
07:40:38 PM    206.21    167.02     39.19   5486.94   8870.24
07:40:41 PM    159.88    159.30      0.58   3855.81      4.65
07:40:45 PM    240.52    177.01     63.51   5402.84  14454.98
07:40:47 PM    144.33    143.84      0.49   5308.37      3.94
07:40:51 PM    253.74    228.07     25.67   6767.91   5702.67
07:40:54 PM    149.80    132.41     17.39   3981.03   3139.92
07:40:57 PM    253.64    217.55     36.09   6741.72   6686.09
07:41:00 PM    234.67    216.67     18.00   4472.00   3797.33
07:41:03 PM    200.00    139.71     60.29   4074.20  13590.72
07:41:06 PM    219.03    219.03      0.00   3582.09      0.00
07:41:09 PM    228.71    191.75     36.96   4076.57   7324.09
07:41:12 PM    219.53    205.72     13.80   6160.27   3046.46
07:41:15 PM    221.62    190.61     31.00   5158.08   6476.86
07:41:18 PM    150.27    147.06      3.21   5137.97    791.44
07:41:21 PM    236.24    235.57      0.67   6867.11     13.42
07:41:24 PM    384.05    300.00     84.05   9727.57  17538.87
07:41:27 PM    148.17    144.19      3.99   3989.37    914.29
07:41:30 PM    545.95    460.27     85.68   9115.68  16832.43
07:41:33 PM    187.30    169.05     18.25   6949.21   4168.25
07:41:36 PM    315.00    245.33     69.67   8218.67  13509.33
07:41:39 PM    163.04    134.32     28.71   4327.39   6014.52
07:41:43 PM    195.55    137.43     58.12   5675.39   9859.69
07:41:45 PM    156.50    151.12      5.38   4570.40    860.99
07:41:49 PM    177.91    137.73     40.18   5234.36   7261.35
07:41:52 PM    237.67    212.00     25.67   6256.00   5464.00
07:41:55 PM    129.14    128.81      0.33   5557.62      5.30
07:41:58 PM     68.33     68.00      0.33   2789.33      2.67
07:42:01 PM     90.37     90.03      0.33   3787.38      7.97
07:42:04 PM     90.40     90.07      0.33   3139.07      0.00
07:42:07 PM     45.33     44.67      0.67   1589.33      8.00
07:42:10 PM     47.68     47.68      0.00   1393.38      0.00
07:42:13 PM    135.01    114.06     20.95   2885.94   4855.17
07:42:16 PM     92.41     92.41      0.00   1697.89      0.00
07:42:19 PM     91.97     91.64      0.33   1656.19      8.03
07:42:22 PM    137.50    108.23     29.27   2846.34   5229.27
07:42:25 PM     60.61     59.93      0.67   1195.96      8.08
07:42:28 PM    339.55    105.37    234.18   3455.37  44863.28
07:42:31 PM    423.68     76.90    346.78   2397.66  75840.94
07:42:34 PM    172.12    132.74     39.38   2534.51   9412.39
07:42:37 PM    265.19    264.85      0.34   3443.00      2.73
07:42:40 PM    186.71    186.38      0.33   2155.48      7.97
07:42:43 PM    274.33    274.00      0.33   2488.00      2.67
07:42:46 PM    184.54    184.21      0.33   2484.21      5.26
07:42:49 PM    205.00    195.67      9.33   2056.00   2053.33
07:42:52 PM    236.21    221.26     14.95   1913.62   3521.59
07:42:55 PM    271.10    265.45      5.65   3322.26   1246.51
07:42:58 PM    173.42    167.44      5.98   1809.97   1233.22
07:43:01 PM    233.89    222.59     11.30   2588.70   2652.49
07:43:04 PM    107.97    101.00      6.98   1126.91   1347.51
07:43:07 PM    178.81    173.18      5.63   1740.40   1343.05
07:43:10 PM    193.69    167.11     26.58   1730.23   6259.14
07:43:13 PM    117.00    115.00      2.00   1050.67    333.33
07:43:16 PM    108.97    108.64      0.33   1379.40      5.32
07:43:19 PM    205.69    205.35      0.33   2442.81      2.68
07:43:22 PM    250.99    240.07     10.93   2852.98   2484.77
07:43:25 PM    284.00    271.33     12.67   3752.00   2821.33
07:43:28 PM    186.33    169.33     17.00   1629.33   3584.00
07:43:31 PM    250.33    241.33      9.00   3696.00   2144.00
07:43:34 PM    285.67    225.33     60.33   3066.67  14245.33
07:43:37 PM    260.13    260.13      0.00   3548.17      0.00
07:43:40 PM    251.83    251.50      0.33   2803.99     10.63
07:43:43 PM    224.58    224.25      0.33   2346.84      0.00
07:43:46 PM    187.04    186.71      0.33   2171.43      5.32
07:43:49 PM    282.45    233.77     48.68   4362.91  12166.89
07:43:52 PM    248.84    248.17      0.66   4015.95      7.97
07:43:55 PM    339.87    323.92     15.95   5714.29   3388.70
07:43:58 PM    251.01    235.91     15.10   4754.36   3406.71
07:44:01 PM    558.05    510.40     47.65   9897.99  10727.52
07:44:04 PM    175.00    173.67      1.33   2186.67    229.33
07:44:07 PM    128.48    128.15      0.33   1189.40      2.65
07:44:10 PM    173.67    171.67      2.00   1533.33     18.67
07:44:13 PM    141.86    141.53      0.33   1203.99      2.66
07:44:16 PM    179.80    179.47      0.33   1486.09      5.30
07:44:19 PM    157.53    157.19      0.33   1257.53      2.68
07:44:22 PM    164.78    164.45      0.33   1342.19      5.32
07:44:25 PM    247.51    247.18      0.33   2328.24      2.66
07:44:28 PM    157.95    157.62      0.33   1260.93      5.30
07:44:31 PM    179.07    178.74      0.33   1440.53      2.66
07:44:34 PM    153.64    153.31      0.33   1226.49      7.95
07:44:37 PM    171.00    170.67      0.33   1370.67      2.67
07:44:40 PM    156.67    156.33      0.33   1250.67      5.33
07:44:43 PM    147.04    132.89     14.14   1086.84   3073.68
07:44:46 PM    166.00    165.00      1.00   1320.00     16.00
07:44:49 PM    117.94    108.64      9.30    869.10   2123.59
07:44:52 PM    139.87    137.87      1.99   1102.99    393.36
07:44:55 PM    221.67    220.67      1.00   1765.33    162.67
07:44:58 PM    155.30    138.41     16.89   1107.28   3827.81
07:45:01 PM     86.00     86.00      0.00    688.00      2.67
07:45:04 PM    101.99    101.33      0.66    810.63      5.32
07:45:07 PM    186.67    185.00      1.67   1480.00     18.67
07:45:10 PM    210.63    199.00     11.63   1592.03   2413.29
07:45:13 PM    166.45    161.46      4.98   1291.69   1033.89
07:45:16 PM    173.42    154.49     18.94   1235.88   4217.94
07:45:19 PM    135.00    134.67      0.33   1077.33      2.67
07:45:22 PM    121.52    120.86      0.66    966.89      7.95
07:45:25 PM    128.57    128.24      0.33   1025.91      2.66
07:45:28 PM    114.33    109.00      5.33    872.00   1266.67
07:45:31 PM    154.00    146.67      7.33   1173.33   1589.33
07:45:34 PM    167.44    162.46      4.98   1299.67   1041.86
07:45:37 PM    179.00    170.00      9.00   1941.33   1909.33
07:45:40 PM    201.67    191.33     10.33   2592.00   1933.33
07:45:43 PM    116.39    109.03      7.36   1608.03   1375.25
07:45:46 PM    176.92    166.22     10.70   1819.40   2319.73
07:45:49 PM    217.06    207.02     10.03   2218.06   2210.03
07:45:52 PM    265.45    261.13      4.32   2285.71    810.63
07:45:55 PM    162.67    150.33     12.33   1368.00   2725.33
07:45:58 PM     99.34     98.68      0.66    966.89     10.60
07:46:01 PM    185.00    174.67     10.33   1488.00   1938.67
07:46:04 PM    165.12    164.78      0.33   1318.27      5.32
07:46:07 PM    113.62    109.30      4.32    874.42    826.58
07:46:10 PM    208.00    200.67      7.33   1605.33   1461.33
07:46:13 PM    133.33    123.67      9.67    989.33   2048.00
07:46:16 PM    185.05    184.72      0.33   1477.74      5.32
07:46:19 PM    188.70    182.06      6.64   1456.48   1225.25
07:46:22 PM    141.33    135.33      6.00   1082.67   1138.67
07:46:25 PM    126.91    123.26      3.65    986.05    677.74
07:46:28 PM    154.30    148.01      6.29   1184.11   1088.74
07:46:31 PM    180.40    172.43      7.97   1379.40   1312.96
07:46:34 PM    138.33    136.33      2.00   1090.67    277.33
07:46:37 PM    129.77    127.42      2.34   1182.61    139.13
07:46:40 PM    159.60    158.61      0.99   1610.60     34.44
07:46:43 PM    145.33    143.33      2.00   1709.33    333.33
07:46:46 PM     94.97     94.63      0.34   1165.10      5.37
07:46:49 PM    138.33    135.00      3.33   1541.33    525.33
07:46:52 PM    151.16    149.50      1.66   2434.55    260.47
07:46:55 PM    184.72    184.39      0.33   2567.44      2.66
07:46:58 PM    139.67    139.33      0.33   1277.33      8.00
07:47:01 PM    205.33    203.67      1.67   1629.33     13.33
07:47:04 PM    174.67    174.33      0.33   1394.67      5.33
07:47:07 PM    112.29    111.63      0.66    893.02      5.32
07:47:10 PM    130.33    130.00      0.33   1040.00      5.33
07:47:15 PM    308.64     72.20    236.44   1747.91  50742.24
07:47:20 PM    209.38     50.45    158.93    882.14  37046.43
07:47:23 PM    186.20     38.38    147.81    430.98  34391.92
07:47:26 PM    368.60     50.17    318.43    488.74  72627.99
07:47:29 PM    173.93     49.17    124.75    401.32  28454.13
07:47:32 PM    173.65     54.73    118.92    437.84  27854.05
07:47:35 PM    142.42     44.11     98.32    352.86  23609.43
07:47:38 PM    108.42    107.74      0.67    945.45      8.08
07:47:41 PM    137.84    137.84      0.00   1278.38      0.00
07:47:44 PM    145.08    144.75      0.34   1247.46     10.85
07:47:47 PM     89.56     89.23      0.34    713.80      0.00
07:47:50 PM     79.73     79.05      0.68    632.43     10.81
07:47:53 PM     91.55     91.22      0.34    770.27      0.00
07:47:56 PM     78.11     77.10      1.01    659.93     18.86
07:47:59 PM    105.42    105.08      0.34    932.88      0.00
07:48:02 PM     97.64     97.31      0.34    918.52      8.08
07:48:05 PM     91.22     90.88      0.34    891.89      0.00
07:48:08 PM     91.55     91.22      0.34   1140.54      5.41
07:48:11 PM     97.64     97.31      0.34   1053.20      2.69
07:48:14 PM     96.31     95.97      0.34   1084.56      8.05
07:48:17 PM     95.93     95.59      0.34   1136.27      0.00
07:48:20 PM     94.30     92.62      1.68    740.94     16.11
07:48:23 PM    107.31    107.31      0.00    858.47      0.00
07:48:26 PM    101.66    101.00      0.66    807.97     10.63
07:48:29 PM    118.06    117.73      0.33    941.81      0.00
07:48:32 PM    101.32    100.66      0.66    805.30     18.54
07:48:35 PM     95.67     95.33      0.33    762.67      0.00
07:48:38 PM     82.06     81.73      0.33    653.82      7.97
07:48:41 PM     80.33     80.00      0.33    640.00      0.00
07:48:44 PM     73.42     73.09      0.33    584.72      7.97
07:48:47 PM     91.36     91.03      0.33    728.24      2.66
07:48:50 PM     75.67     75.33      0.33    602.67      8.00
07:48:53 PM     84.33     84.00      0.33    672.00      0.00
07:48:56 PM     92.05     90.73      1.32    725.83     15.89
07:48:59 PM    117.00    116.67      0.33    933.33      0.00
07:49:02 PM     95.33     94.67      0.67    757.33      8.00
07:49:05 PM     77.08     76.41      0.66    611.30      5.32
Average:       132.82    114.98     17.83   1824.01   3697.11
