Linux 4.2.2 (vm2_114) 	06/08/2017 	_x86_64_	(1 CPU)

07:51:21 PM       tps      rtps      wtps   bread/s   bwrtn/s
07:51:24 PM      0.00      0.00      0.00      0.00      0.00
07:51:27 PM      1.33      0.00      1.33      0.00     26.58
07:51:30 PM      0.00      0.00      0.00      0.00      0.00
07:51:33 PM      1.00      0.00      1.00      0.00     10.67
07:51:36 PM      0.00      0.00      0.00      0.00      0.00
07:51:39 PM      0.67      0.00      0.67      0.00      8.00
07:51:42 PM      0.00      0.00      0.00      0.00      0.00
07:51:45 PM      1.00      0.33      0.67      2.67     10.67
07:51:48 PM      0.00      0.00      0.00      0.00      0.00
07:51:51 PM      0.66      0.00      0.66      0.00      7.97
07:51:54 PM      0.00      0.00      0.00      0.00      0.00
07:51:57 PM      1.33      0.00      1.33      0.00     18.60
07:52:00 PM      0.00      0.00      0.00      0.00      0.00
07:52:03 PM      2.99      0.00      2.99      0.00     26.58
07:52:06 PM      0.00      0.00      0.00      0.00      0.00
07:52:09 PM      0.67      0.00      0.67      0.00      8.00
07:52:12 PM      0.00      0.00      0.00      0.00      0.00
07:52:15 PM      0.67      0.00      0.67      0.00      8.00
07:52:18 PM      0.00      0.00      0.00      0.00      0.00
07:52:21 PM      0.66      0.00      0.66      0.00      7.97
07:52:24 PM      0.00      0.00      0.00      0.00      0.00
07:52:27 PM      0.67      0.00      0.67      0.00      8.00
07:52:30 PM      0.00      0.00      0.00      0.00      0.00
07:52:33 PM      1.33      0.00      1.33      0.00     13.33
07:52:36 PM      0.00      0.00      0.00      0.00      0.00
07:52:39 PM      0.67      0.00      0.67      0.00      8.00
07:52:42 PM      0.00      0.00      0.00      0.00      0.00
07:52:45 PM      0.67      0.00      0.67      0.00     10.67
07:52:48 PM      0.00      0.00      0.00      0.00      0.00
07:52:51 PM      0.67      0.00      0.67      0.00      8.00
07:52:54 PM      0.00      0.00      0.00      0.00      0.00
07:52:57 PM      0.67      0.00      0.67      0.00      8.03
07:53:00 PM      0.00      0.00      0.00      0.00      0.00
07:53:03 PM      0.67      0.00      0.67      0.00      8.00
07:53:06 PM      0.67      0.00      0.67      0.00      5.33
07:53:09 PM      0.66      0.00      0.66      0.00      7.97
07:53:12 PM      0.33      0.00      0.33      0.00      2.68
07:53:15 PM      0.66      0.00      0.66      0.00      7.97
07:53:18 PM      0.00      0.00      0.00      0.00      0.00
07:53:21 PM      0.66      0.00      0.66      0.00      7.95
07:53:24 PM      0.00      0.00      0.00      0.00      0.00
07:53:27 PM      0.67      0.00      0.67      0.00      8.00
07:53:30 PM      0.00      0.00      0.00      0.00      0.00
07:53:33 PM      0.67      0.00      0.67      0.00      8.03
07:53:36 PM      0.00      0.00      0.00      0.00      0.00
07:53:39 PM      0.67      0.00      0.67      0.00      8.00
07:53:42 PM      0.66      0.00      0.66      0.00      5.32
07:53:45 PM      0.67      0.00      0.67      0.00     10.67
07:53:48 PM      0.33      0.00      0.33      0.00      2.67
07:53:51 PM      0.66      0.00      0.66      0.00      7.97
07:53:54 PM      0.00      0.00      0.00      0.00      0.00
07:53:57 PM      0.67      0.00      0.67      0.00      8.00
07:54:00 PM      0.00      0.00      0.00      0.00      0.00
07:54:03 PM      0.67      0.00      0.67      0.00      8.00
07:54:07 PM    214.21     44.14    170.07   2030.92  37354.61
07:54:10 PM     84.46     83.67      0.80   1600.00      9.56
07:54:13 PM     93.37     50.14     43.23   2785.01   7006.34
07:54:16 PM    493.65    203.34    290.30   6517.73  66795.99
07:54:19 PM    170.77    170.07      0.70   3828.17      8.45
07:54:22 PM   1764.86   1562.86    202.00  14032.00  41789.71
07:54:25 PM    570.68    500.38     70.30   5163.91  17660.15
07:54:28 PM    130.03    129.37      0.66   1869.31      7.92
07:54:31 PM    205.69    106.69     99.00   3387.29  21776.59
07:54:34 PM    133.11    133.11      0.00   1788.08      0.00
07:54:37 PM     63.46     62.79      0.66    502.33      7.97
07:54:40 PM    110.96    110.30      0.66   1201.33      7.97
07:54:43 PM    151.16    151.16      0.00   1374.09      0.00
07:54:46 PM    101.66    100.66      0.99    805.30     15.89
07:54:49 PM     57.67     57.67      0.00    461.33      0.00
07:54:52 PM     56.29     49.67      6.62    402.65   1290.07
07:54:55 PM     61.00     61.00      0.00    488.00      0.00
07:54:58 PM     59.27     57.95      1.32    463.58     74.17
07:55:01 PM     77.33     74.67      2.67    648.00    264.00
07:55:04 PM     54.67     54.33      0.33    522.67      8.00
07:55:07 PM     64.24     52.65     11.59    421.19   2370.86
07:55:10 PM     91.67     91.00      0.67    728.00     13.33
07:55:13 PM     84.00     84.00      0.00    744.00      0.00
07:55:16 PM     67.00     65.67      1.33    525.33     16.00
07:55:19 PM     87.00     76.00     11.00    706.67   2480.00
07:55:22 PM     60.80     60.47      0.33    483.72      5.32
07:55:25 PM    127.57    127.24      0.33   1775.42      2.66
07:55:28 PM    119.60    109.30     10.30   1645.18   2261.79
07:55:31 PM     74.75     74.42      0.33    595.35      2.66
07:55:34 PM     94.70     94.04      0.66    752.32      7.95
07:55:37 PM    102.00     86.67     15.33    693.33   3648.00
07:55:40 PM     68.90     68.23      0.67    551.17      8.03
07:55:43 PM     59.93     59.60      0.33    476.82      2.65
07:55:46 PM     81.73     81.06      0.66    648.50     10.63
07:55:49 PM     76.41     76.08      0.33    608.64      5.32
07:55:52 PM     64.67     64.33      0.33    514.67      5.33
07:55:55 PM    101.66     72.85     28.81    662.25   6837.09
07:55:58 PM     95.67     95.00      0.67    957.33     10.67
07:56:01 PM     89.04     88.70      0.33    709.63     10.63
07:56:04 PM     60.26     59.60      0.66    558.94      7.95
07:56:07 PM     62.13     60.80      1.33    507.64     21.26
07:56:10 PM     84.33     83.67      0.67    669.33     13.33
07:56:13 PM     78.74     78.41      0.33    632.56      2.66
07:56:16 PM     88.33     85.67      2.67    685.33     26.67
07:56:19 PM     84.39     84.39      0.00    839.87      0.00
07:56:22 PM     84.00     83.00      1.00    664.00     16.00
07:56:25 PM     74.42     74.42      0.00    595.35      0.00
07:56:28 PM     88.74     86.42      2.32    691.39    299.34
07:56:31 PM     92.67     79.67     13.00    637.33   2920.00
07:56:34 PM     74.09     73.75      0.33    590.03      7.97
07:56:37 PM     72.52     72.19      0.33    577.48      0.00
07:56:40 PM    107.67    107.00      0.67    856.00      8.00
07:56:43 PM     68.21     61.92      6.29    495.36   1305.96
07:56:46 PM     87.38     86.71      0.66   1273.09     10.63
07:56:49 PM     75.33     75.33      0.00    602.67      0.00
07:56:52 PM     56.44     55.78      0.66    446.20     10.56
07:56:55 PM     73.09     72.76      0.33    582.06      0.00
07:56:58 PM     51.66     50.99      0.66    407.95      7.95
07:57:01 PM     59.47     59.47      0.00    475.75      0.00
07:57:04 PM     59.80     59.14      0.66    473.09      7.97
07:57:07 PM     63.79     63.79      0.00    510.30      0.00
07:57:10 PM     75.17     74.50      0.66    596.03      7.95
07:57:13 PM     84.33     84.33      0.00    674.67      0.00
07:57:16 PM     57.81     56.81      1.00    454.49     10.63
07:57:19 PM     49.17     49.17      0.00    393.40      0.00
07:57:22 PM     79.00     78.00      1.00    624.00     10.67
07:57:25 PM     55.48     55.48      0.00    443.85      0.00
07:57:28 PM     66.11     65.45      0.66    523.59     10.63
07:57:31 PM     62.13     61.79      0.33    494.35      0.00
07:57:34 PM     58.28     57.62      0.66    460.93      7.95
07:57:37 PM     69.77     69.77      0.00    558.14      0.00
07:57:40 PM     61.46     60.80      0.66    486.38      7.97
07:57:43 PM     78.07     78.07      0.00    624.58      0.00
07:57:46 PM    240.86    240.20      0.66   6968.77     10.63
07:57:49 PM     66.33     66.33      0.00   2616.00      0.00
07:57:52 PM      5.98      4.98      1.00     58.47     10.63
07:57:55 PM     65.04     59.31      5.73   2115.76    595.99
07:57:58 PM   2410.92   2191.38    219.54  21825.29  43974.71
07:58:01 PM   1349.55   1271.82     77.73  11549.09  19643.64
07:58:04 PM     49.67     49.00      0.67    781.33     13.33
07:58:07 PM     32.56     32.56      0.00    964.78      0.00
07:58:12 PM    678.96    448.63    230.34   5526.83  50973.17
07:58:15 PM     74.60     74.60      0.00   1631.75      0.00
07:58:18 PM    236.36    235.69      0.67   3369.70      8.08
07:58:21 PM     70.67     70.67      0.00    565.33      0.00
07:58:24 PM    156.29    155.63      0.66   1245.03      7.95
07:58:27 PM    176.25    176.25      0.00   1460.87      0.00
07:58:30 PM    103.96    103.30      0.66    826.40      7.92
07:58:33 PM    139.00    139.00      0.00   1125.33      0.00
07:58:36 PM    133.55    132.89      0.66   1063.12      7.97
07:58:39 PM    164.12    164.12      0.00   1413.95      0.00
07:58:42 PM    156.81    156.48      0.33   1557.48     10.63
07:58:45 PM     62.00     61.33      0.67    490.67      5.33
07:58:48 PM    207.28    206.29      0.99   2455.63     18.54
07:58:51 PM     61.79     61.79      0.00    494.35      0.00
07:58:54 PM    127.67    126.00      1.67   1037.33     16.00
07:58:57 PM    171.85    171.85      0.00   1388.08      0.00
07:59:00 PM     94.33     93.67      0.67    749.33      8.00
07:59:03 PM    122.85    122.85      0.00   1064.90      0.00
07:59:06 PM    137.42    136.75      0.66   1094.04      7.95
07:59:09 PM    129.24    129.24      0.00   1033.89      0.00
07:59:12 PM    137.42    137.09      0.33   1096.69      7.95
07:59:15 PM    100.66    100.33      0.33    802.66      0.00
07:59:18 PM     87.42     86.75      0.66    694.04      7.95
07:59:21 PM    151.16    150.83      0.33   1206.64      2.66
07:59:24 PM    150.84    150.17      0.67   1201.34      8.03
07:59:27 PM    134.65    134.32      0.33   1074.59      2.64
07:59:30 PM    131.23    130.56      0.66   1783.39      7.97
07:59:33 PM    117.88    117.88      0.00    943.05      0.00
07:59:36 PM    118.94    118.60      0.33    948.84      5.32
07:59:39 PM    182.00    181.67      0.33   1453.33      2.67
07:59:42 PM    142.52    142.19      0.33   1137.54     10.63
07:59:45 PM    183.11    182.78      0.33   1668.87      0.00
07:59:48 PM    205.30    204.64      0.66   2164.24      7.95
07:59:51 PM    149.50    149.50      0.00   1196.01      0.00
07:59:54 PM    112.96    112.29      0.66    898.34      7.97
07:59:57 PM    169.33    168.67      0.67   1349.33      5.33
08:00:00 PM     71.10     70.76      0.33    566.11      7.97
08:00:03 PM    135.76    135.10      0.66   1279.47      2.65
08:00:06 PM     70.67     70.33      0.33    722.67      8.00
08:00:09 PM    116.33    116.00      0.33   1088.00      0.00
08:00:12 PM    123.59    122.26      1.33   2086.38     21.26
08:00:15 PM     24.25     23.92      0.33    196.68      2.66
08:00:19 PM     78.82     43.03     35.80   1797.65   7329.08
08:00:22 PM     35.71     35.71      0.00   2731.43      0.00
08:00:25 PM     68.23     67.56      0.67    928.43      5.35
08:00:28 PM    123.82     57.70     66.12   1915.40  11893.22
08:00:31 PM    103.68    103.68      0.00   1705.88      0.00
08:00:34 PM     68.23     67.56      0.67   1238.80      8.03
08:00:37 PM     41.39     37.75      3.64    574.83    614.57
08:00:40 PM     13.00     12.67      0.33    184.00      5.33
08:00:43 PM     39.40     35.10      4.30    492.72    701.99
08:00:46 PM     30.26     29.93      0.33    278.95      7.89
08:00:49 PM     28.43     26.09      2.34    444.15    235.45
08:00:52 PM     66.23     56.62      9.60   1154.97   1377.48
08:00:55 PM     34.83     34.83      0.00    278.61      0.00
08:00:58 PM     28.81     23.18      5.63    394.70    929.80
08:01:01 PM     24.58     24.25      0.33    194.02      2.66
08:01:04 PM     34.55     34.22      0.33    486.38      7.97
08:01:07 PM    109.97    104.65      5.32   1549.50    720.27
08:01:10 PM     65.78     61.46      4.32    996.68    558.14
08:01:13 PM     79.00     75.67      3.33   1080.00    216.00
08:01:16 PM    110.42     98.70     11.73   1748.53   1438.44
08:01:19 PM     35.59     33.90      1.69    935.59    130.17
08:01:22 PM     16.23     15.89      0.33    217.22      0.00
08:01:25 PM     16.28     15.95      0.33    127.57     10.63
08:01:28 PM     25.58     25.25      0.33    201.99      0.00
08:01:31 PM     42.05     38.08      3.97    527.15    543.05
08:01:34 PM     30.56     30.56      0.00    244.52      0.00
08:01:37 PM     20.67     17.33      3.33    138.67     34.67
08:01:40 PM     28.24     26.91      1.33    247.18    191.36
08:01:43 PM     16.94     16.28      0.66    212.62      7.97
08:01:46 PM     68.21     63.91      4.30    876.82    158.94
08:01:49 PM     26.00     25.67      0.33    253.33     10.67
08:01:52 PM     22.33     22.00      0.33    176.00      0.00
08:01:55 PM     26.07     20.13      5.94    161.06    876.57
08:01:58 PM     21.52     21.52      0.00    357.62      0.00
08:02:01 PM     17.67     17.00      0.67    162.67      8.00
08:02:04 PM     16.56     16.56      0.00    169.54      0.00
08:02:07 PM     13.62     12.96      0.66    103.65      7.97
08:02:10 PM     19.60     18.27      1.33    223.26    132.89
08:02:13 PM     33.55     29.24      4.32    972.76    637.87
08:02:16 PM     30.33     30.33      0.00    344.00      0.00
08:02:19 PM     14.52     13.86      0.66    110.89     10.56
08:02:22 PM     21.26     20.27      1.00    244.52      5.32
08:02:25 PM     35.88     31.56      4.32    443.85    544.85
08:02:28 PM      6.95      6.95      0.00     55.63      0.00
08:02:31 PM     16.17     15.84      0.33    126.73      7.92
08:02:34 PM     16.28     15.95      0.33    127.57      0.00
08:02:37 PM     23.59     22.92      0.66    183.39      7.97
08:02:40 PM     27.00     23.33      3.67    200.00    573.33
08:02:43 PM     22.77     22.11      0.66    176.90      7.92
08:02:46 PM     28.15     28.15      0.00    468.87      0.00
08:02:49 PM     57.62     50.33      7.28   1043.71   1271.52
08:02:52 PM     35.00     32.33      2.67    346.67    202.67
08:02:55 PM     13.29     12.96      0.33    103.65      7.97
08:02:58 PM     41.00     39.67      1.33   1568.00      8.00
08:03:01 PM    114.29     80.58     33.71   5055.36   7626.79
08:03:04 PM    135.45    135.45      0.00   4554.50      0.00
08:03:07 PM    128.62    127.95      0.67   4002.69      8.08
08:03:11 PM    223.96    188.75     35.21   6455.00   7728.33
08:03:14 PM     81.22     80.71      0.51   3756.35     12.18
08:03:19 PM    163.29    119.07     44.22   5465.31   8606.90
08:03:22 PM    340.15    253.67     86.49  10369.11  19870.27
08:03:25 PM     35.43     35.10      0.33    532.45      5.30
08:03:28 PM   2816.16   2562.50    253.66  25448.78  52209.76
08:03:31 PM    235.34    235.34      0.00   3782.33      0.00
08:03:34 PM    100.66     50.17     50.50   1456.48   9666.45
08:03:37 PM   1238.54   1063.12    175.42  12536.88  39093.69
08:03:40 PM    202.13    159.20     42.93   3605.33   6796.80
08:03:43 PM   1205.60   1055.20    150.40  14480.00  27267.20
08:03:46 PM    435.22    339.87     95.35   3473.75  20329.57
08:03:49 PM   1963.35   1773.86    189.49  18000.00  36640.91
08:03:53 PM    481.33    428.00     53.33   5357.33   8493.33
08:03:56 PM   2827.30   2630.26    197.04  25389.47  40744.74
08:03:59 PM    664.96    570.08     94.88   7271.16  19827.49
Average:       144.07    128.73     15.33   1579.54   3119.80
