Linux 4.2.2 (vm2_114) 	06/08/2017 	_x86_64_	(1 CPU)

08:05:26 PM       tps      rtps      wtps   bread/s   bwrtn/s
08:05:29 PM      0.00      0.00      0.00      0.00      0.00
08:05:32 PM      0.67      0.00      0.67      0.00     21.33
08:05:35 PM      1.00      0.33      0.66      2.66      5.32
08:05:38 PM      0.67      0.00      0.67      0.00     18.67
08:05:41 PM      0.00      0.00      0.00      0.00      0.00
08:05:44 PM      0.67      0.00      0.67      0.00      8.00
08:05:47 PM      0.00      0.00      0.00      0.00      0.00
08:05:50 PM      0.67      0.00      0.67      0.00     10.70
08:05:53 PM      0.00      0.00      0.00      0.00      0.00
08:05:56 PM      0.66      0.00      0.66      0.00      7.97
08:05:59 PM      2.00      1.33      0.67    205.33      5.33
08:06:02 PM      0.66      0.00      0.66      0.00     15.95
08:06:05 PM      2.67      0.00      2.67      0.00     21.33
08:06:08 PM      0.67      0.00      0.67      0.00      8.00
08:06:11 PM      0.00      0.00      0.00      0.00      0.00
08:06:14 PM      0.67      0.00      0.67      0.00      8.00
08:06:17 PM      0.00      0.00      0.00      0.00      0.00
08:06:20 PM      0.67      0.00      0.67      0.00      8.03
08:06:23 PM      0.00      0.00      0.00      0.00      0.00
08:06:26 PM      0.67      0.00      0.67      0.00      8.00
08:06:29 PM      0.00      0.00      0.00      0.00      0.00
08:06:32 PM      1.00      0.00      1.00      0.00     10.63
08:06:35 PM      0.33      0.00      0.33      0.00      2.67
08:06:38 PM      0.67      0.00      0.67      0.00      8.00
08:06:41 PM      0.00      0.00      0.00      0.00      0.00
08:06:44 PM      0.67      0.00      0.67      0.00      8.03
08:06:47 PM      0.33      0.33      0.00      2.67      0.00
08:06:50 PM      0.66      0.00      0.66      0.00     10.63
08:06:53 PM      0.00      0.00      0.00      0.00      0.00
08:06:56 PM      0.67      0.00      0.67      0.00      8.00
08:06:59 PM      0.00      0.00      0.00      0.00      0.00
08:07:02 PM      0.66      0.00      0.66      0.00      7.97
08:07:05 PM      0.33      0.00      0.33      0.00      2.67
08:07:08 PM      0.67      0.00      0.67      0.00      8.00
08:07:11 PM      0.33      0.00      0.33      0.00      2.66
08:07:14 PM      0.67      0.00      0.67      0.00      8.00
08:07:17 PM      0.33      0.00      0.33      0.00      2.68
08:07:20 PM      0.67      0.00      0.67      0.00      8.00
08:07:23 PM      0.00      0.00      0.00      0.00      0.00
08:07:26 PM      0.67      0.00      0.67      0.00      8.00
08:07:29 PM      0.00      0.00      0.00      0.00      0.00
08:07:32 PM      0.67      0.00      0.67      0.00      8.03
08:07:35 PM      0.00      0.00      0.00      0.00      0.00
08:07:38 PM      0.67      0.00      0.67      0.00      8.00
08:07:41 PM      0.33      0.00      0.33      0.00      2.68
08:07:44 PM      0.67      0.00      0.67      0.00      8.00
08:07:47 PM      0.33      0.00      0.33      0.00      2.66
08:07:50 PM      0.67      0.00      0.67      0.00     10.67
08:07:53 PM      0.00      0.00      0.00      0.00      0.00
08:07:56 PM      1.00      0.00      1.00      0.00     10.67
08:07:59 PM      0.00      0.00      0.00      0.00      0.00
08:08:02 PM      0.66      0.00      0.66      0.00      7.97
08:08:05 PM      0.00      0.00      0.00      0.00      0.00
08:08:08 PM      1.00      0.33      0.67     16.00      8.00
08:08:11 PM    963.85    682.56    281.28   9647.18  61058.46
08:08:14 PM     37.23     36.80      0.43    903.90      6.93
08:08:17 PM    111.71    111.37      0.33   1902.34      2.68
08:08:20 PM    367.56    188.10    179.46   4190.48  32792.86
08:08:23 PM    448.94    253.55    195.39   3395.74  42845.39
08:08:26 PM    164.21    163.51      0.70   4117.89      8.42
08:08:29 PM    609.90    450.16    159.74   7741.85  34001.28
08:08:32 PM    252.68    198.66     54.03   3006.71  13334.23
08:08:35 PM    374.85    196.93    177.91   4736.20  37973.01
08:08:38 PM   2516.10   2508.22      7.88  22800.00   1893.15
08:08:41 PM    137.00     62.33     74.67    920.00  15650.67
08:08:44 PM     40.07     40.07      0.00    336.42      0.00
08:08:47 PM   1310.22   1099.36    210.86  13669.01  42341.21
08:08:50 PM    164.53     93.24     71.28   1270.27  14235.14
08:08:54 PM    237.50     98.58    138.92   2730.19  29684.91
08:08:57 PM    190.34    190.34      0.00   4081.16      0.00
08:09:00 PM     96.68     94.35      2.33    887.71    127.57
08:09:03 PM    151.00    141.67      9.33   2016.00    650.67
08:09:06 PM     77.67     64.00     13.67    770.67    922.67
08:09:09 PM     80.94     76.92      4.01    821.40    251.51
08:09:12 PM     84.11     80.13      3.97    773.51    617.22
08:09:15 PM     70.90     70.90      0.00    644.82      0.00
08:09:18 PM     79.00     72.00      7.00    624.00   1208.00
08:09:21 PM    106.98     96.01     10.96   1009.97   1400.66
08:09:24 PM     76.92     76.25      0.67    757.19      8.03
08:09:27 PM     89.70     85.05      4.65    744.19    733.55
08:09:30 PM    106.33     94.67     11.67   2301.33   2074.67
08:09:33 PM    112.33    106.00      6.33   1296.00   1021.33
08:09:36 PM     63.79     63.12      0.66    504.98      7.97
08:09:39 PM    108.67     99.33      9.33   1234.67   1384.00
08:09:42 PM     43.52     42.86      0.66    342.86      7.97
08:09:45 PM     46.67     46.67      0.00    373.33      0.00
08:09:48 PM     58.94     52.98      5.96    707.28    903.31
08:09:51 PM    114.00    107.00      7.00   1330.67    869.33
08:09:54 PM     72.09     67.11      4.98    688.37    667.11
08:09:57 PM    188.08    188.08      0.00   2733.77      0.00
08:10:00 PM    242.78    224.41     18.37   4424.15   2498.69
08:10:03 PM    169.53    145.52     24.01   4458.78   4937.63
08:10:06 PM     78.26     76.59      1.67   1340.47     29.43
08:10:09 PM     85.38     77.41      7.97    935.55   1097.67
08:10:12 PM    167.44    156.15     11.30   2322.92   2014.62
08:10:15 PM     81.00     80.00      1.00   1085.33     26.67
08:10:18 PM     31.79     31.13      0.66    251.66     50.33
08:10:21 PM     41.00     40.33      0.67    322.67     13.33
08:10:24 PM     94.68     93.69      1.00    776.08     61.13
08:10:27 PM    208.00    198.67      9.33   6672.00   1104.00
08:10:30 PM    357.07    313.59     43.48   9228.26   9089.13
08:10:33 PM    226.91    212.05     14.86   5873.09   3476.31
08:10:36 PM    347.65    336.58     11.07   6440.27   1793.29
08:10:39 PM    610.96    530.90     80.07  10344.19  14216.61
08:10:42 PM    151.50    132.89     18.60   6094.35   4106.31
08:10:46 PM    424.60    308.74    115.86  10697.73  20696.44
08:10:49 PM    205.70    192.28     13.42   7379.87   2845.64
08:10:52 PM    365.00    262.00    103.00   9642.67  24613.33
08:10:55 PM    227.67    205.67     22.00   8624.00   4728.00
08:10:58 PM    295.35    294.68      0.66  12467.77     10.63
08:11:01 PM    462.93    324.30    138.63  13682.24  29168.85
08:11:04 PM    176.17     57.38    118.79   2034.90  25232.21
08:11:07 PM    318.39    144.48    173.91   4915.05  37273.58
08:11:10 PM     77.74     30.56     47.18    512.96   9254.49
08:11:13 PM   1304.43   1140.51    163.92  12432.91  36997.47
08:11:16 PM   1108.97   1057.48     51.50  11005.98  12164.78
08:11:19 PM    141.64     20.06    121.58    624.92  24294.22
08:11:22 PM    228.14    134.92     93.22   5125.42  20981.69
08:11:25 PM    149.17     24.92    124.25    847.84  22655.15
08:11:28 PM    408.94    210.60    198.34   4262.25  39962.91
08:11:31 PM    118.33     21.67     96.67    576.00  18821.33
08:11:34 PM    277.74    178.06     99.68   5780.65  17953.55
08:11:37 PM    218.00     22.67    195.33    941.33  38442.67
08:11:40 PM     67.22     16.56     50.66    309.93   9321.85
08:11:43 PM   1440.56   1217.96    222.60  17213.62  46001.24
08:11:46 PM     74.00     16.67     57.33    360.00  11818.67
08:11:49 PM    702.32    526.49    175.83  10572.19  36561.59
08:11:52 PM   1673.04   1568.70    104.35  12941.45  22228.41
08:11:55 PM     26.25     15.44     10.81    123.55   2245.56
08:11:59 PM   2250.64   2042.31    208.33  19323.08  49666.67
08:12:02 PM     95.33     93.33      2.00   1560.00     66.67
08:12:07 PM    511.67    352.84    158.83   4364.34  37077.47
08:12:09 PM    238.95    237.79      1.16   4869.77     23.26
08:12:12 PM    274.83    211.92     62.91   4158.94  13989.40
08:12:15 PM    145.33    111.33     34.00   1984.00   6762.67
08:12:19 PM     97.22     78.94     18.29   1770.37   3161.11
08:12:22 PM     89.05     81.59      7.46   2049.75   1623.88
08:12:25 PM    111.30    108.97      2.33   1722.26    558.14
08:12:28 PM    115.95    108.64      7.31   1589.37   1400.66
08:12:31 PM     55.81     52.49      3.32    419.93    502.33
08:12:34 PM     40.20     39.53      0.66    398.67      7.97
08:12:37 PM     50.17     49.17      1.00    574.09     93.02
08:12:40 PM     40.07     39.40      0.66    315.23      7.95
08:12:43 PM     51.50     45.51      5.98    393.36   1116.28
08:12:46 PM     30.23     29.57      0.66    236.54      7.97
08:12:49 PM     58.14     55.48      2.66    669.77    308.31
08:12:52 PM     90.61     82.42      8.18   1151.52   1629.09
08:12:55 PM     67.65     67.65      0.00   1579.41      0.00
08:12:58 PM    245.85    224.58     21.26   3805.98   3508.31
08:13:01 PM     38.08     38.08      0.00    357.62      0.00
08:13:04 PM     58.67     58.33      0.33   1152.00      8.00
08:13:07 PM     84.72     75.08      9.63   1342.19   1661.13
08:13:10 PM     52.65     40.40     12.25   1027.81   2574.83
08:13:13 PM     46.51     46.51      0.00    451.83      0.00
08:13:16 PM     51.16     49.83      1.32    480.53     79.21
08:13:19 PM     26.00     26.00      0.00    208.00      0.00
08:13:22 PM     42.38     41.72      0.66    415.89      7.95
08:13:25 PM     23.92     23.26      0.66    186.05     74.42
08:13:28 PM     35.33     34.33      1.00    274.67     10.67
08:13:31 PM     50.17     47.51      2.66    380.07    470.43
08:13:34 PM     59.00     56.00      3.00    824.00    482.67
08:13:37 PM     60.87     56.19      4.68    995.32    722.41
08:13:40 PM     47.00     46.33      0.67    453.33      8.00
08:13:43 PM     57.14     57.14      0.00    457.14      0.00
08:13:46 PM     51.99     51.32      0.66    410.60      7.95
08:13:49 PM     49.67     49.67      0.00    397.33      0.00
08:13:52 PM     48.01     47.35      0.66    479.47      7.95
08:13:55 PM     44.22     44.22      0.00    506.93      0.00
08:13:58 PM     47.51     46.84      0.66    374.75     10.63
08:14:01 PM     43.52     43.52      0.00    348.17      0.00
08:14:04 PM     39.33     38.33      1.00    413.33     10.67
08:14:07 PM     40.86     40.20      0.66    321.59      5.32
08:14:10 PM     33.89     33.22      0.66    265.78      7.97
08:14:13 PM     43.19     43.19      0.00    345.51      0.00
08:14:16 PM     41.91     41.25      0.66    411.88      7.92
08:14:19 PM     37.42     37.42      0.00    299.34      0.00
08:14:22 PM     27.48     26.82      0.66    214.57      7.95
08:14:25 PM     32.23     32.23      0.00    257.81      0.00
08:14:28 PM     50.50     49.83      0.66    398.67      7.97
08:14:31 PM     31.89     31.89      0.00    255.15      0.00
08:14:34 PM     34.11     33.44      0.66    267.55      7.95
08:14:37 PM     38.87     38.87      0.00    310.96      0.00
08:14:40 PM     32.33     31.00      1.33    248.00     13.33
08:14:43 PM     31.58     31.58      0.00    252.63      0.00
08:14:46 PM     18.60     17.94      0.66    143.52      7.97
08:14:49 PM     37.54     37.54      0.00    300.33      0.00
08:14:52 PM     46.51     45.85      0.66    366.78      7.97
08:14:55 PM     39.07     39.07      0.00    312.58      0.00
08:14:58 PM     35.76     35.10      0.66    280.79     10.60
08:15:01 PM     36.54     36.54      0.00    292.36      0.00
08:15:04 PM     39.74     39.07      0.66    312.58      7.95
08:15:07 PM     47.00     47.00      0.00    376.00      0.00
08:15:10 PM     33.22     32.56      0.66    260.47      7.97
08:15:13 PM     42.86     41.86      1.00    334.88      7.97
08:15:16 PM     46.33     45.67      0.67    365.33     13.33
08:15:19 PM     45.87     45.87      0.00    367.00      0.00
08:15:22 PM     42.67     42.00      0.67    336.00      8.00
08:15:25 PM     35.88     35.88      0.00    287.04      0.00
08:15:28 PM     40.00     38.33      1.67    306.67     16.00
08:15:31 PM     37.09     37.09      0.00    296.69      0.00
08:15:34 PM     44.37     43.71      0.66    349.67      7.95
08:15:37 PM     37.33     37.33      0.00    298.67      0.00
08:15:40 PM     39.74     39.07      0.66    312.58      7.95
08:15:43 PM     38.61     38.28      0.33    306.27      2.64
08:15:46 PM     41.81     41.14      0.67    329.10      8.03
08:15:49 PM     39.07     38.41      0.66    307.28      5.30
08:15:52 PM     73.42     72.76      0.66    877.08     13.29
08:15:55 PM    162.67    162.67      0.00   5085.33      0.00
08:15:58 PM    100.00     99.34      0.66   4068.87     10.60
08:16:01 PM     97.67     97.67      0.00   4433.22      0.00
08:16:04 PM     35.88     35.22      0.66   1645.18     10.63
08:16:07 PM      4.98      4.98      0.00     79.73      0.00
08:16:10 PM    861.33    745.32    116.01   8849.90  24705.20
08:16:13 PM   1747.26   1680.14     67.12  15895.89  14350.68
08:16:16 PM     22.11     21.78      0.33    382.84      7.92
08:16:19 PM     78.19     77.85      0.34   1438.93      0.00
08:16:22 PM     64.78     64.12      0.66   1182.72      7.97
08:16:28 PM    202.03     30.54    171.49   1010.81  39544.86
08:16:32 PM    355.07    121.62    233.45   1429.73  53570.27
08:16:35 PM     92.93     92.26      0.67    821.55      8.08
08:16:38 PM     93.31     92.98      0.33   1241.47      5.35
08:16:41 PM     94.95     94.61      0.34    988.55      2.69
08:16:44 PM    139.32    138.98      0.34   1570.17      5.42
08:16:47 PM     82.67     82.33      0.33    824.00      2.67
08:16:50 PM     88.00     87.67      0.33    917.33      5.33
08:16:53 PM     82.67     82.33      0.33    744.00      2.67
08:16:56 PM    125.67    125.33      0.33   1245.33      8.00
08:16:59 PM     75.33     74.67      0.67    597.33      5.33
08:17:02 PM     62.46     61.79      0.66    563.46     10.63
08:17:05 PM     67.33     67.00      0.33    594.67      0.00
08:17:08 PM     96.00     95.67      0.33    954.67      5.33
08:17:11 PM     81.67     81.33      0.33    656.00      2.67
08:17:14 PM     58.00     57.67      0.33    461.33      5.33
08:17:17 PM     82.33     82.00      0.33    738.67      2.67
08:17:20 PM     96.33     96.00      0.33    768.00      5.33
08:17:23 PM     78.41     78.07      0.33    624.58      2.66
08:17:26 PM     93.65     93.31      0.33    746.49      5.35
08:17:29 PM    109.67    109.33      0.33    877.33      2.67
08:17:32 PM     85.38     83.72      1.66    669.77     21.26
08:17:35 PM     90.64     90.64      0.00    725.08      0.00
08:17:38 PM     83.67     83.00      0.67    664.00      8.00
08:17:41 PM     83.06     82.72      0.33   1209.30      2.66
08:17:44 PM    118.06    117.73      0.33   1690.97      5.35
08:17:47 PM    122.26    121.93      0.33    980.73      2.66
08:17:50 PM     93.67     93.33      0.33    746.67      5.33
08:17:53 PM    100.33    100.00      0.33    800.00      2.68
08:17:56 PM     65.12     64.78      0.33    518.27      7.97
08:17:59 PM     93.02     92.69      0.33    741.53      2.66
08:18:02 PM    100.33    100.00      0.33    800.00      5.33
08:18:05 PM    113.33    113.00      0.33    904.00      2.67
Average:       151.13    126.06     25.07   1897.38   5202.40
