Linux 4.2.2 (vm2_114) 	06/08/2017 	_x86_64_	(1 CPU)

07:22:14 PM       tps      rtps      wtps   bread/s   bwrtn/s
07:22:17 PM    113.20     70.63     42.57   2257.43   6521.45
07:22:20 PM     22.56     19.87      2.69    519.87    657.24
07:22:23 PM     12.33     12.00      0.33    341.33     16.00
07:22:26 PM      0.33      0.00      0.33      0.00      2.66
07:22:29 PM      0.33      0.00      0.33      0.00      5.33
07:22:32 PM      0.33      0.00      0.33      0.00      2.68
07:22:35 PM      0.67      0.00      0.67      0.00      8.00
07:22:38 PM      0.00      0.00      0.00      0.00      0.00
07:22:41 PM      0.33      0.00      0.33      0.00      5.35
07:22:44 PM      0.33      0.00      0.33      0.00      2.65
07:22:47 PM      2.33      0.00      2.33      0.00     21.33
07:22:50 PM      0.33      0.00      0.33      0.00      2.67
07:22:53 PM      1.00      0.00      1.00      0.00     16.00
07:22:56 PM      0.66      0.33      0.33     85.05      2.66
07:22:59 PM      0.33      0.00      0.33      0.00      5.33
07:23:02 PM     10.30      9.97      0.33    162.13      2.66
07:23:05 PM      0.33      0.00      0.33      0.00      5.35
07:23:08 PM      0.33      0.00      0.33      0.00      2.66
07:23:11 PM     24.67     24.33      0.33    440.00      8.00
07:23:14 PM      0.33      0.00      0.33      0.00      2.67
07:23:17 PM      0.33      0.00      0.33      0.00      5.32
07:23:20 PM      0.33      0.00      0.33      0.00      2.67
07:23:23 PM      0.33      0.00      0.33      0.00      5.33
07:23:26 PM      1.00      0.00      1.00      0.00      8.00
07:23:29 PM      1.33      0.00      1.33      0.00     13.33
07:23:32 PM      0.33      0.00      0.33      0.00      2.67
07:23:35 PM      0.33      0.00      0.33      0.00      5.33
07:23:38 PM      3.67      3.33      0.33    768.00      2.67
07:23:41 PM      0.33      0.00      0.33      0.00      5.32
07:23:44 PM      0.33      0.00      0.33      0.00      2.67
07:23:47 PM      0.33      0.00      0.33      0.00      5.33
07:23:50 PM      0.33      0.00      0.33      0.00      2.67
07:23:53 PM      0.33      0.00      0.33      0.00      5.33
07:23:56 PM      0.66      0.00      0.66      0.00      5.32
07:23:59 PM      1.00      0.00      1.00      0.00     10.67
07:24:02 PM      0.00      0.00      0.00      0.00      0.00
07:24:05 PM      0.33      0.00      0.33      0.00      5.33
07:24:08 PM      0.33      0.00      0.33      0.00      2.67
07:24:11 PM      0.33      0.00      0.33      0.00      8.00
07:24:14 PM      0.33      0.00      0.33      0.00      2.66
07:24:17 PM      0.33      0.00      0.33      0.00      5.33
07:24:20 PM      0.33      0.00      0.33      0.00      2.67
07:24:23 PM      0.33      0.00      0.33      0.00      5.33
07:24:26 PM      0.33      0.00      0.33      0.00      2.67
07:24:29 PM      1.00      0.00      1.00      0.00     10.63
07:24:32 PM      0.00      0.00      0.00      0.00      0.00
07:24:35 PM      1.00      0.00      1.00      0.00     10.67
07:24:38 PM      0.33      0.00      0.33      0.00      2.67
07:24:41 PM      0.33      0.00      0.33      0.00      5.32
07:24:44 PM      0.33      0.00      0.33      0.00      2.67
07:24:47 PM      0.33      0.00      0.33      0.00      5.30
07:24:50 PM      0.33      0.00      0.33      0.00      2.67
07:24:53 PM      0.33      0.00      0.33      0.00      5.33
07:24:56 PM      0.33      0.00      0.33      0.00      2.66
07:25:01 PM    428.46    245.16    183.30   4088.05  39925.62
07:25:04 PM    660.66    644.55     16.11   8428.44   3874.88
07:25:07 PM    942.05    824.17    117.88   9949.67  22468.87
07:25:10 PM    170.76     89.37     81.40   1589.37  15792.69
07:25:13 PM     96.35     88.04      8.31   1413.95   1514.95
07:25:16 PM    290.40    232.12     58.28   5350.99   7072.85
07:25:19 PM     69.87     69.21      0.66    770.86      7.95
07:25:22 PM     53.00     50.00      3.00    522.67    456.00
07:25:25 PM    147.84    147.18      0.66   3290.37      7.97
07:25:28 PM    322.98    277.02     45.96  10673.29   8678.26
07:25:31 PM    213.94    190.24     23.69   6993.73   4119.86
07:25:34 PM    540.92    444.88     96.04  12459.41  15854.79
07:25:37 PM    191.39    191.39      0.00   3441.06      0.00
07:25:40 PM    371.94    297.01     74.93  11018.51  15071.04
07:25:43 PM    332.40    278.05     54.36   7665.51   9510.80
07:25:46 PM    233.89    199.00     34.88   5278.41   4916.94
07:25:49 PM    217.61    200.66     16.94   3712.96   3314.29
07:25:52 PM    243.19    213.29     29.90   7218.60   4776.08
07:25:55 PM    243.00    201.00     42.00   8853.33   9448.00
07:25:58 PM    391.78    324.34     67.43   9978.95  11105.26
07:26:01 PM    323.31    261.96     61.35   9469.94  10412.27
07:26:04 PM    316.67    297.16     19.50   7313.48   2712.06
07:26:08 PM    357.18    282.12     75.06   6091.69  12447.36
07:26:11 PM    268.28    216.55     51.72   5906.21   8350.34
07:26:14 PM    302.92    270.13     32.79   8472.73   5225.97
07:26:17 PM    262.38    227.59     34.80   6791.22   4947.96
07:26:20 PM    327.97    301.05     26.92  10461.54   3862.94
07:26:23 PM    207.92    155.45     52.48   6112.21   8303.63
07:26:26 PM    168.56    143.81     24.75   5835.45   3205.35
07:26:29 PM    140.71    111.22     29.49   6120.51   4215.38
07:26:32 PM    200.00    172.85     27.15   5943.64   4962.20
07:26:35 PM    252.98    198.01     54.97   9298.01   7655.63
07:26:38 PM    254.79    198.02     56.77   7070.63  10236.30
07:26:41 PM    228.84    171.16     57.67   7513.23  11532.28
07:26:44 PM    217.30    217.30      0.00   6214.35      0.00
07:26:48 PM    848.52    713.21    135.31  13209.70  29058.76
07:26:50 PM     73.23     73.23      0.00   3329.13      0.00
07:26:53 PM    301.94    247.42     54.52  10472.26  11994.84
07:26:56 PM    175.26    134.36     40.89   4893.47   8313.40
07:26:59 PM    284.49    221.20     63.29   7286.08  12230.38
07:27:02 PM    171.10    123.26     47.84   6421.26   9421.93
07:27:05 PM    266.83    177.72     89.11   7225.74  19033.66
07:27:08 PM    149.50    142.08      7.43   3912.87   1801.98
07:27:12 PM    286.25    223.44     62.81   9570.00  11735.00
07:27:15 PM    158.39    130.54     27.85   4375.84   6499.33
07:27:18 PM    253.96    203.81     50.15   8314.37  10620.53
07:27:21 PM    286.60    276.98      9.62  10713.40   2281.79
07:27:24 PM    763.34    625.22    138.12  20443.40  30324.93
07:27:27 PM    195.85    120.07     75.78   3302.42  14970.24
07:27:30 PM   1280.19   1085.71    194.48  12838.96  43223.38
07:27:33 PM   1034.69   1003.40     31.29   9591.84   6331.97
07:27:36 PM     68.90     68.56      0.33   1345.82      0.00
07:27:41 PM    219.81     88.19    131.62   3070.48  26241.52
07:27:44 PM    137.45    137.45      0.00   2382.98      0.00
07:27:47 PM     85.67     83.33      2.33   1997.33    178.67
07:27:50 PM     44.67     41.00      3.67    898.67    728.00
07:27:53 PM     23.84     23.18      0.66    381.46      7.95
07:27:56 PM     51.50     48.84      2.66   1174.75    528.90
07:27:59 PM     47.33     43.00      4.33   1002.67    736.00
07:28:02 PM     34.77     34.44      0.33    572.19      0.00
07:28:05 PM     67.44     54.82     12.62   1581.40   1974.75
07:28:08 PM     50.00     49.00      1.00   1250.67     21.33
07:28:11 PM     37.09     26.82     10.26    744.37    956.29
07:28:14 PM     45.33     44.67      0.67   1024.00      2.67
07:28:17 PM     81.73     68.44     13.29   2003.99   2718.94
07:28:20 PM     38.87     38.87      0.00    462.46      0.00
07:28:23 PM     31.89     30.56      1.33    667.11     61.13
07:28:26 PM     32.67     32.67      0.00    653.33      0.00
07:28:29 PM     61.79     54.49      7.31   1533.55   1424.58
07:28:32 PM     27.24     26.91      0.33    321.59      2.66
07:28:35 PM     22.00     21.33      0.67    456.00      8.00
07:28:38 PM     72.08     63.64      8.44   1901.30   1059.74
07:28:41 PM     33.22     29.57      3.65    786.71    552.82
07:28:44 PM     78.71     64.43     14.29   2577.03   2256.58
07:28:47 PM    114.61    102.62     11.99   5830.71   2507.87
07:28:50 PM    163.12    121.93     41.20   7215.95   9690.37
07:28:53 PM    132.55    131.54      1.01   5814.77     10.74
07:28:58 PM    290.54    193.58     96.96   3681.08  21024.32
07:29:00 PM    110.00    110.00      0.00   2600.00      0.00
07:29:03 PM     68.11     68.11      0.00   1607.97      0.00
07:29:06 PM    312.68    203.99    108.69   5547.42  20093.90
07:29:09 PM   1067.82   1023.37     44.44  10127.20   9235.25
07:29:12 PM    225.08    159.08     66.01   3926.07  10566.34
07:29:16 PM    508.67    121.98    386.69   3925.70  92037.15
07:29:18 PM    256.16    246.74      9.42   4113.04   2295.65
07:29:21 PM    329.00     97.67    231.33   2560.00  43810.67
07:29:24 PM     25.25     24.92      0.33    252.49      5.32
07:29:28 PM    576.13    423.08    153.05   5981.96  30851.99
07:29:31 PM   1487.26   1436.68     50.58  12661.00  11765.25
07:29:36 PM    214.29     87.54    126.75   2431.61  28092.40
07:29:41 PM    313.43     47.01    266.42    941.29  62905.47
07:29:44 PM    657.03    626.10     30.92   5108.43   7322.09
07:29:47 PM    121.55    121.55      0.00   1290.24      0.00
07:29:50 PM    122.82    122.15      0.67   1165.10      8.05
07:29:53 PM    156.15    155.48      0.66   1243.85      7.97
07:29:56 PM    107.64    107.64      0.00    861.13      0.00
07:29:59 PM    126.33    126.00      0.33   1008.00      5.33
07:30:02 PM    149.33    149.00      0.33   1373.33      2.67
07:30:05 PM     84.77     84.44      0.33    879.47      5.30
07:30:08 PM    105.02    104.35      0.67   1040.80      5.35
07:30:11 PM     75.50     74.83      0.66    683.44      7.95
07:30:14 PM    155.67    155.33      0.33   1530.67      2.67
07:30:17 PM    176.82    175.83      0.99   2386.75     15.89
07:30:20 PM    244.85    244.85      0.00   2160.80      0.00
07:30:23 PM     89.33     89.00      0.33    813.33     10.67
07:30:26 PM     92.64     92.31      0.33    845.48      2.68
07:30:29 PM     89.04     87.71      1.33    701.66     15.95
07:30:32 PM    118.67    118.33      0.33   1712.00      0.00
07:30:35 PM    168.11    167.44      0.66   1339.53      7.97
07:30:38 PM    211.00    211.00      0.00   1688.00      0.00
07:30:41 PM    180.67    180.00      0.67   1440.00      8.00
07:30:44 PM    208.67    208.33      0.33   1666.67      2.67
07:30:47 PM    139.87    139.53      0.33   1116.28      5.32
07:30:50 PM    141.20    139.87      1.33   1118.94     10.63
07:30:53 PM    172.33    172.00      0.33   1376.00      8.00
07:30:56 PM    168.87    168.54      0.33   1494.04      0.00
07:30:59 PM    208.61    208.28      0.33   1944.37     10.60
07:31:02 PM    364.00    363.67      0.33   7968.00      0.00
07:31:05 PM    476.59    475.92      0.67   8816.05      8.03
07:31:08 PM    520.46    520.13      0.33  11186.80      2.64
07:31:11 PM    664.00    663.67      0.33  12410.67      8.00
07:31:14 PM    439.87    439.53      0.33   6718.94      0.00
07:31:17 PM    369.67    368.33      1.33   4605.33     13.33
07:31:20 PM    228.57    228.57      0.00   2163.46      0.00
07:31:23 PM    177.48    176.49      0.99   1411.92     18.54
07:31:26 PM    189.33    189.33      0.00   1514.67      0.00
07:31:29 PM    148.50    147.84      0.66   1182.72      7.97
07:31:32 PM    145.18    145.18      0.00   1161.46      0.00
07:31:35 PM    161.13    160.80      0.33   1286.38      7.97
07:31:38 PM    184.00    183.67      0.33   1469.33      0.00
07:31:41 PM    143.67    143.00      0.67   1144.00      8.00
07:31:44 PM    145.03    145.03      0.00   1160.26      0.00
07:31:47 PM    147.67    147.33      0.33   1178.67      8.00
07:31:50 PM     95.00     93.67      1.33    749.33      8.00
07:31:53 PM    131.56    130.56      1.00   1044.52     10.63
07:31:56 PM     84.05     84.05      0.00    675.08      0.00
07:31:59 PM     67.56     36.79     30.77    406.69   5476.92
07:32:02 PM     30.56     28.57      1.99    310.96    358.80
07:32:05 PM    121.19     50.00     71.19   1932.20  14919.77
07:32:08 PM     74.38     74.38      0.00   1580.07      0.00
07:32:12 PM    198.31    149.15     49.15   2996.61  10763.84
07:32:15 PM    107.20    107.20      0.00   2481.82      0.00
07:32:18 PM     47.67     46.33      1.33   1045.33     64.00
07:32:21 PM     37.42     37.42      0.00    397.35      0.00
07:32:24 PM     46.33     44.67      1.67    544.00     56.00
07:32:27 PM     24.33     24.33      0.00    277.33      0.00
07:32:30 PM     23.36     22.70      0.66    181.58     10.53
07:32:33 PM     19.00     18.67      0.33    149.33      5.33
07:32:36 PM     15.61     15.28      0.33    122.26      2.66
07:32:39 PM     20.93     20.60      0.33    164.78      5.32
07:32:42 PM     21.26     20.93      0.33    167.44      2.66
07:32:45 PM     23.18     21.85      1.32    227.81     23.84
07:32:48 PM     18.73     18.06      0.67    144.48      5.35
07:32:51 PM     15.56     15.23      0.33    121.85      5.30
07:32:54 PM     19.00     17.67      1.33    141.33     10.67
07:32:57 PM     20.93     20.60      0.33    164.78      7.97
07:33:00 PM     19.21     18.87      0.33    150.99      0.00
07:33:03 PM     20.67     20.33      0.33    202.67      8.00
07:33:06 PM    236.93    223.58     13.35   2820.45    943.18
07:33:10 PM     90.91     78.73     12.18   2715.64   2699.64
07:33:12 PM     95.52     95.52      0.00   2017.91      0.00
07:33:15 PM    163.55    163.55      0.00   4781.27      0.00
07:33:18 PM    148.12    131.30     16.81   7594.20   2634.20
07:33:21 PM     92.73     92.36      0.36   3508.36      5.82
07:33:24 PM    171.48    121.64     49.84   3840.00   9303.61
07:33:27 PM    216.16    197.98     18.18   7315.82   3377.78
07:33:30 PM    387.10    316.45     70.65  11241.29  13778.06
07:33:33 PM    103.40     87.41     15.99   4253.06   3551.02
07:33:37 PM    176.23    134.57     41.67   7570.37   7750.62
07:33:40 PM    345.67    274.67     71.00  11173.33  13810.67
07:33:43 PM     31.56     31.23      0.33    515.61      7.97
07:33:46 PM   2079.43   1908.04    171.39  18233.57  38063.36
07:33:49 PM     52.70     51.87      0.83   1264.73     16.60
07:33:55 PM    128.53     41.26     87.27   1430.67  20163.19
07:33:59 PM    184.56    184.56      0.00   2531.54      0.00
07:34:02 PM     48.67     48.33      0.33    546.67      8.00
07:34:05 PM     58.67     58.33      0.33    517.33      0.00
07:34:08 PM     32.78     32.11      0.67    393.31      8.03
07:34:11 PM     19.93     19.93      0.00    159.47      0.00
07:34:14 PM     22.74     22.07      0.67    176.59      8.03
07:34:17 PM     19.21     19.21      0.00    153.64      0.00
07:34:20 PM     27.33     26.67      0.67    309.33      8.00
07:34:23 PM     57.00     57.00      0.00    458.67      0.00
07:34:26 PM     34.11     33.11      1.00    369.23     10.70
07:34:29 PM     34.00     34.00      0.00    418.67      0.00
07:34:32 PM     23.33     22.33      1.00    221.33     13.33
07:34:35 PM     17.00     17.00      0.00    136.00      0.00
07:34:38 PM     21.07     20.40      0.67    163.21      8.03
07:34:41 PM     26.82     26.82      0.00    588.08      0.00
07:34:44 PM     36.45     30.43      6.02    623.41   1244.15
07:34:47 PM     24.50     24.50      0.00    278.15      0.00
07:34:50 PM     22.92     22.26      0.66    178.07      7.97
07:34:53 PM     19.00     19.00      0.00    152.00      0.00
07:34:56 PM     21.93     21.26      0.66    170.10      7.97
07:34:59 PM     19.93     19.93      0.00    159.47      0.00
07:35:02 PM     20.00     19.00      1.00    152.00     10.67
Average:       164.42    139.81     24.61   2856.12   4934.91
