Linux 4.2.2 (vm2_114) 	06/08/2017 	_x86_64_	(1 CPU)

08:19:30 PM       tps      rtps      wtps   bread/s   bwrtn/s
08:19:33 PM     30.23     30.23      0.00    396.01      0.00
08:19:36 PM      0.67      0.00      0.67      0.00     21.33
08:19:39 PM      0.00      0.00      0.00      0.00      0.00
08:19:42 PM      0.67      0.00      0.67      0.00      8.03
08:19:45 PM      0.33      0.00      0.33      0.00      2.66
08:19:48 PM      0.67      0.00      0.67      0.00      8.03
08:19:51 PM      0.00      0.00      0.00      0.00      0.00
08:19:54 PM      0.67      0.00      0.67      0.00      8.03
08:19:57 PM      0.00      0.00      0.00      0.00      0.00
08:20:00 PM      0.67      0.00      0.67      0.00     10.70
08:20:03 PM     21.67     21.33      0.33    512.00      2.67
08:20:06 PM     43.85     42.19      1.66    608.64     29.24
08:20:09 PM      2.00      0.00      2.00      0.00     16.00
08:20:12 PM      0.67      0.00      0.67      0.00     16.00
08:20:15 PM      0.00      0.00      0.00      0.00      0.00
08:20:18 PM      0.66      0.00      0.66      0.00      7.95
08:20:21 PM      0.00      0.00      0.00      0.00      0.00
08:20:24 PM      0.67      0.00      0.67      0.00      8.00
08:20:27 PM      0.00      0.00      0.00      0.00      0.00
08:20:30 PM      0.66      0.00      0.66      0.00      7.97
08:20:33 PM      0.00      0.00      0.00      0.00      0.00
08:20:36 PM      0.67      0.00      0.67      0.00      8.00
08:20:39 PM      0.99      0.00      0.99      0.00      7.95
08:20:42 PM      0.67      0.00      0.67      0.00      8.00
08:20:45 PM      1.34      0.00      1.34      0.00     10.70
08:20:48 PM      0.66      0.00      0.66      0.00      7.95
08:20:51 PM      0.00      0.00      0.00      0.00      0.00
08:20:54 PM      0.66      0.00      0.66      0.00      7.97
08:20:57 PM      0.33      0.33      0.00      2.67      0.00
08:21:00 PM      0.67      0.00      0.67      0.00     10.67
08:21:03 PM      0.00      0.00      0.00      0.00      0.00
08:21:06 PM      0.67      0.00      0.67      0.00      8.00
08:21:09 PM      0.00      0.00      0.00      0.00      0.00
08:21:12 PM      0.67      0.00      0.67      0.00      8.00
08:21:15 PM      0.33      0.00      0.33      0.00      2.67
08:21:18 PM      1.66      0.00      1.66      0.00     15.95
08:21:21 PM      0.00      0.00      0.00      0.00      0.00
08:21:24 PM      0.67      0.00      0.67      0.00      8.00
08:21:27 PM      0.00      0.00      0.00      0.00      0.00
08:21:30 PM      0.67      0.00      0.67      0.00      8.00
08:21:33 PM      0.00      0.00      0.00      0.00      0.00
08:21:36 PM      0.66      0.00      0.66      0.00      7.97
08:21:39 PM      0.00      0.00      0.00      0.00      0.00
08:21:42 PM      0.67      0.00      0.67      0.00      8.00
08:21:45 PM      0.00      0.00      0.00      0.00      0.00
08:21:48 PM      1.00      0.00      1.00      0.00     10.70
08:21:51 PM      0.00      0.00      0.00      0.00      0.00
08:21:54 PM      1.00      0.00      1.00      0.00     10.70
08:21:57 PM      0.00      0.00      0.00      0.00      0.00
08:22:00 PM      0.66      0.00      0.66      0.00     10.63
08:22:03 PM      0.00      0.00      0.00      0.00      0.00
08:22:06 PM      0.67      0.00      0.67      0.00      8.03
08:22:09 PM      0.00      0.00      0.00      0.00      0.00
08:22:12 PM      0.67      0.00      0.67      0.00      8.00
08:22:15 PM    251.72     42.01    209.72   2184.33  46884.01
08:22:18 PM    159.25     37.67    121.58   2276.71  26010.96
08:22:21 PM    113.62    113.62      0.00   1756.81      0.00
08:22:24 PM    212.26    138.39     73.87   2882.58  11042.58
08:22:27 PM    729.25    432.65    296.60   8000.00  67597.28
08:22:30 PM    217.33    216.67      0.67   4016.00      8.00
08:22:33 PM    323.59    176.74    146.84   6349.50  29754.15
08:22:36 PM    112.21    111.22      0.99   1666.01    110.89
08:22:39 PM   3944.08   3575.33    368.75  32539.47  73252.63
08:22:42 PM    228.81    219.87      8.94   3729.80   1917.88
08:22:45 PM     49.50     49.17      0.33    475.75      5.32
08:22:48 PM     63.58     62.25      1.32    720.53     87.42
08:22:51 PM     47.84     47.51      0.33    380.07      5.32
08:22:54 PM     55.63     50.66      4.97    892.72   1027.81
08:22:57 PM    147.67    137.67     10.00   2248.00   1504.00
08:23:00 PM     42.33     41.67      0.67    496.00     10.67
08:23:04 PM    117.07    104.34     12.74   2530.08   2501.90
08:23:07 PM     79.51     78.12      1.39   1080.56    105.56
08:23:10 PM     51.00     48.00      3.00    405.33    114.67
08:23:13 PM     31.33     31.33      0.00    328.00      0.00
08:23:16 PM     35.64     34.65      0.99    277.23     15.84
08:23:19 PM     45.85     40.53      5.32    411.96    964.78
08:23:22 PM     26.82     26.49      0.33    211.92      5.30
08:23:25 PM     40.33     40.00      0.33    320.00      2.67
08:23:28 PM     44.00     43.33      0.67    346.67      8.00
08:23:31 PM     59.80     52.82      6.98    475.75    924.92
08:23:34 PM     60.47     59.80      0.66   1097.67      7.97
08:23:37 PM    129.62    121.66      7.96   3579.62   1350.32
08:23:40 PM    107.97     99.67      8.31   1996.01   1153.49
08:23:43 PM     54.82     50.17      4.65    635.22    720.27
08:23:46 PM     57.67     50.67      7.00    613.33    829.33
08:23:49 PM     48.68     48.68      0.00    389.40      0.00
08:23:52 PM     67.77     61.46      6.31    544.85    956.81
08:23:55 PM     40.92     40.59      0.33    406.60      0.00
08:23:58 PM     82.27     74.92      7.36   1187.96   1426.09
08:24:01 PM     42.86     42.52      0.33    422.59      2.66
08:24:04 PM     54.64     49.01      5.63    590.73    863.58
08:24:07 PM     45.51     45.18      0.33    443.85      2.66
08:24:10 PM     50.00     47.00      3.00    376.00    280.00
08:24:13 PM     59.27     59.27      0.00    593.38      0.00
08:24:16 PM     57.33     52.67      4.67    496.00    794.67
08:24:19 PM     74.09     70.76      3.32    954.15    132.89
08:24:22 PM     65.23     57.95      7.28    511.26    943.05
08:24:25 PM     40.20     39.53      0.66    377.41      5.32
08:24:28 PM     48.84     44.19      4.65    422.59    667.11
08:24:31 PM     46.84     46.84      0.00    459.80      0.00
08:24:34 PM     55.91     39.77     16.14    567.15   3520.46
08:24:37 PM     91.83     91.83      0.00   1472.37      0.00
08:24:40 PM     40.86     38.87      1.99    318.94    156.81
08:24:43 PM     35.79     35.45      0.33    283.61      0.00
08:24:46 PM     37.42     36.09      1.32    362.91     74.17
08:24:49 PM     37.21     37.21      0.00    297.67      0.00
08:24:52 PM     60.47     58.80      1.66    720.27     87.71
08:24:55 PM     39.87     39.53      0.33    481.06      2.66
08:24:58 PM     61.79     61.13      0.66   1289.04     10.63
08:25:01 PM     59.00     58.67      0.33    509.33      2.67
08:25:04 PM     48.68     48.34      0.33    468.87      7.95
08:25:07 PM     30.90     30.56      0.33    326.91      2.66
08:25:10 PM     39.87     39.20      0.66    313.62      7.97
08:25:13 PM     39.20     39.20      0.00    313.62      0.00
08:25:16 PM     37.75     37.42      0.33    299.34      7.95
08:25:19 PM     34.65     34.32      0.33    274.59      0.00
08:25:22 PM     34.55     33.89      0.66    271.10      7.97
08:25:25 PM     45.18     44.85      0.33    358.80      2.66
08:25:28 PM     42.19     41.53      0.66    332.23      7.97
08:25:31 PM     42.05     41.72      0.33    333.77      2.65
08:25:34 PM     42.00     41.33      0.67    330.67      8.00
08:25:37 PM     28.57     28.24      0.33    225.91      2.66
08:25:40 PM     44.52     43.85      0.66    350.83      7.97
08:25:43 PM     33.55     33.55      0.00    268.42      0.00
08:25:46 PM     40.67     40.00      0.67    320.00      8.00
08:25:49 PM     37.75     37.75      0.00    301.99      0.00
08:25:52 PM     36.54     35.88      0.66    287.04      7.97
08:25:55 PM     43.33     43.33      0.00    346.67      0.00
08:25:58 PM     57.43     56.77      0.66    670.63     10.56
08:26:01 PM     43.52     43.19      0.33    345.51      2.66
08:26:04 PM     37.21     36.88      0.33    295.02      5.32
08:26:07 PM     25.91     24.92      1.00    199.34      7.97
08:26:10 PM     46.49     45.48      1.00    363.88     16.05
08:26:13 PM     95.03     95.03      0.00   1403.97      0.00
08:26:17 PM    295.48    223.28     72.19   5435.18  17006.37
08:26:20 PM    266.32    266.32      0.00  10080.00      0.00
08:26:23 PM    205.39    205.39      0.00   7857.24      0.00
08:26:26 PM    255.07    211.15     43.92   9494.59   7459.46
08:26:29 PM    149.17    133.66     15.51   6194.06   3630.36
08:26:32 PM    166.78    135.88     30.90   6392.03   6415.95
08:26:35 PM    250.33    217.55     32.78  10177.48   5592.05
08:26:38 PM    262.25    196.69     65.56   8911.26  15560.26
08:26:41 PM    105.32    104.65      0.66   6314.95      7.97
08:26:44 PM    198.01    175.83     22.19   8929.80   3745.70
08:26:47 PM    153.82    129.57     24.25   6543.52   5315.61
08:26:50 PM    138.77    109.23     29.54   6045.54   5147.08
08:26:53 PM    225.00    181.25     43.75   9177.78  10225.00
08:26:56 PM    101.32     92.41      8.91   4327.39   1856.11
08:26:59 PM    174.67    124.00     50.67   5298.67  12314.67
08:27:02 PM    156.91    155.92      0.99   7934.21     15.79
08:27:05 PM    137.21     88.37     48.84   5214.62  12045.18
08:27:08 PM    134.88    134.55      0.33   6822.59      0.00
08:27:11 PM    151.96    116.01     35.95   5551.66   8142.60
08:27:14 PM    153.68    143.38     10.29   7244.12   2523.53
08:27:18 PM    153.44    119.20     34.24   5505.80   7975.36
08:27:20 PM    139.44    132.39      7.04   9566.20    563.38
08:27:23 PM    387.25    387.25      0.00  15202.68      0.00
08:27:27 PM    512.06    334.41    177.65  11781.18  33844.71
08:27:30 PM    132.75     96.17     36.59   3333.80   8956.10
08:27:33 PM    310.48    214.73     95.75   5183.00  18177.90
08:27:36 PM    797.62    554.76    242.86   8715.65  53110.20
08:27:39 PM     62.33     60.67      1.67   1546.67     56.00
08:27:42 PM    493.49    344.95    148.53   8831.27  13256.03
08:27:45 PM     43.00     42.32      0.68    655.29      8.19
08:27:48 PM    132.33    104.67     27.67   3253.33   3765.33
08:27:51 PM     98.67     98.00      0.67    941.33      8.00
08:27:54 PM    111.33     99.33     12.00   1128.00   1984.00
08:27:57 PM     29.24     28.57      0.66    231.23      7.97
08:28:00 PM    105.33    100.00      5.33   1240.00    981.33
08:28:03 PM     50.33     49.67      0.67    573.33     10.67
08:28:06 PM     40.33     35.67      4.67    432.00    856.00
08:28:09 PM     88.70     85.71      2.99    962.13     98.34
08:28:12 PM     67.33     63.00      4.33    522.67    456.00
08:28:15 PM    185.00    164.33     20.67   3373.33   2416.00
08:28:18 PM    170.43    148.84     21.59   3266.45   3712.96
08:28:21 PM    513.62    317.61    196.01  14990.03  37421.93
08:28:24 PM    636.61    481.08    155.53   6698.77  31549.88
08:28:27 PM   1706.53   1617.09     89.45  15396.98  21242.21
08:28:30 PM    374.58    310.70     63.88   3229.43  13685.62
08:28:34 PM    209.09     50.85    158.24   2597.73  32993.18
08:28:36 PM    167.93     17.24    150.69    593.10  32400.00
08:28:39 PM    176.49     38.08    138.41   1215.89  29072.85
08:28:43 PM    163.98     62.25    101.73   2653.60  17512.39
08:28:46 PM    871.65    780.69     90.97  10566.98  16134.58
08:28:49 PM    211.00     32.99    178.01   1418.56  35436.43
08:28:52 PM    120.86     17.55    103.31    778.81  22190.73
08:28:55 PM    195.79     41.42    154.37   2684.79  30462.14
08:28:58 PM    264.60     29.55    235.05   1102.41  48277.66
08:29:01 PM    179.29     72.49    106.80   1633.66  21038.19
08:29:04 PM    248.00     56.33    191.67   1882.67  38568.00
08:29:07 PM    183.33     11.67    171.67    565.33  37376.00
08:29:10 PM    227.10     22.12    204.98    692.83  41076.64
08:29:13 PM    233.22     11.63    221.59    369.44  46126.25
08:29:16 PM    175.83     25.17    150.66   1202.65  30823.84
08:29:19 PM    290.64     38.80    251.84   1171.91  52066.89
08:29:22 PM    173.09     32.89    140.20    794.68  27106.98
08:29:25 PM    170.51     20.19    150.32    600.00  28707.69
08:29:28 PM    235.22     20.93    214.29    510.30  44613.95
08:29:33 PM    187.82     33.76    154.06   2321.37  33377.78
08:29:35 PM    140.82    140.82      0.00   2510.20      0.00
08:29:38 PM    264.31    194.53     69.77   4280.39  12072.03
08:29:41 PM   1729.43   1540.13    189.30  18458.86  39847.49
08:29:44 PM    534.96    417.89    117.07   5253.12  25435.23
08:29:47 PM    145.56    120.97     24.60   2658.06   6283.87
08:29:50 PM    213.58    157.95     55.63   3509.93   9981.46
08:29:53 PM   1605.69   1460.54    145.15  13096.99  31890.30
08:29:56 PM     29.57     28.90      0.66    494.35      7.97
08:29:59 PM   2800.31   2569.91    230.41  29695.30  50901.57
08:30:02 PM    417.73    404.26     13.48   3758.87   2754.61
08:30:05 PM     67.67     48.14     19.53   1579.53   3512.56
08:30:09 PM    241.96    169.02     72.94   5176.47  17032.16
08:30:12 PM    210.82     84.33    126.49   3462.69  30104.48
08:30:15 PM    684.23    511.55    172.68  10517.18  35914.37
08:30:18 PM    779.40    741.96     37.44   9348.74   7762.81
08:30:21 PM    900.00    752.79    147.21  11792.89  29530.96
08:30:26 PM    198.41     93.64    104.77   3520.00  18887.27
08:30:28 PM    349.06    134.72    214.34   3079.25  43338.87
08:30:31 PM    106.82     31.17     75.65   1012.99  14361.04
08:30:34 PM   1062.81    854.37    208.44  10097.50  42847.50
08:30:38 PM    579.60    439.13    140.47   5757.86  30207.36
08:30:41 PM    200.50     70.32    130.17   3032.42  27156.11
08:30:44 PM   1028.18    958.64     69.55   9010.91  17512.73
08:30:47 PM    355.63    353.97      1.66   3282.12    127.15
08:30:50 PM    388.47    258.21    130.26   6960.23  29692.22
08:30:53 PM     84.53     83.77      0.75   1750.94      9.06
08:30:56 PM    440.53    253.82    186.71   7067.11  38657.81
08:30:59 PM    104.67     56.67     48.00   1261.33  10538.67
08:31:02 PM    736.90    571.55    165.35   8209.58  36770.70
08:31:05 PM   1077.86   1077.14      0.71   9545.71     11.43
08:31:09 PM    626.69    557.77     68.91   7978.89  11976.54
08:31:12 PM   2788.63   2622.74    165.89  24270.23  37795.32
08:31:15 PM     27.76     27.09      0.67    516.39      8.03
08:31:18 PM    543.90    403.78    140.12   7472.09  28562.79
08:31:21 PM   2032.03   1904.98    127.05  16276.16  28967.97
08:31:24 PM    108.07     85.40     22.67   2526.71   4310.56
08:31:27 PM    267.62     82.21    185.41   4324.56  37309.61
08:31:30 PM    154.49    129.17     25.32   4002.56   3702.56
08:31:33 PM    140.00     65.42     74.58   3530.85  14006.78
08:31:36 PM    106.35     57.19     49.16   2089.63  11917.06
08:31:39 PM   2548.15   2293.16    254.99  23984.05  54356.70
08:31:42 PM    983.79    969.57     14.23   9511.46   2782.61
08:31:45 PM   1222.99   1102.39    120.60  11952.24  24757.01
08:31:48 PM    379.81    287.07     92.74   4767.19  16121.14
08:31:51 PM   3002.66   2836.21    166.45  25044.52  37650.50
08:31:54 PM    347.67    331.67     16.00   2866.67   3114.67
08:31:58 PM    181.87     56.43    125.44   3761.40  28526.32
08:32:01 PM    102.67    102.29      0.38   1923.66      9.16
08:32:04 PM    920.86    726.49    194.37  11311.26  39777.48
08:32:07 PM   2287.67   2223.67     64.00  20560.00  14221.33
08:32:10 PM     29.57     29.24      0.33    478.41      5.32
Average:       248.88    201.85     47.02   3210.18   9625.65
