Linux 4.2.2 (vm2_114) 	06/08/2017 	_x86_64_	(1 CPU)

07:06:49 PM       tps      rtps      wtps   bread/s   bwrtn/s
07:06:52 PM     24.92     24.92      0.00    433.22      0.00
07:06:55 PM      0.67      0.00      0.67      0.00     21.33
07:06:58 PM      0.00      0.00      0.00      0.00      0.00
07:07:01 PM      1.00      0.00      1.00      0.00     13.38
07:07:04 PM      0.00      0.00      0.00      0.00      0.00
07:07:07 PM      2.99      0.00      2.99      0.00     26.58
07:07:10 PM      0.00      0.00      0.00      0.00      0.00
07:07:13 PM      0.67      0.00      0.67      0.00      8.00
07:07:16 PM      0.00      0.00      0.00      0.00      0.00
07:07:19 PM      0.67      0.00      0.67      0.00      8.03
07:07:22 PM      0.33      0.00      0.33      0.00      2.67
07:07:25 PM      0.66      0.00      0.66      0.00     13.29
07:07:28 PM      0.33      0.00      0.33      0.00      2.66
07:07:31 PM      0.67      0.00      0.67      0.00     13.38
07:07:34 PM      0.00      0.00      0.00      0.00      0.00
07:07:37 PM      0.67      0.00      0.67      0.00      8.00
07:07:40 PM      0.00      0.00      0.00      0.00      0.00
07:07:43 PM      1.33      0.00      1.33      0.00     13.33
07:07:46 PM      0.00      0.00      0.00      0.00      0.00
07:07:49 PM      0.67      0.00      0.67      0.00      8.00
07:07:52 PM      0.00      0.00      0.00      0.00      0.00
07:07:55 PM      0.67      0.00      0.67      0.00      8.00
07:07:58 PM      0.33      0.00      0.33      0.00      2.67
07:08:01 PM      1.00      0.00      1.00      0.00     13.38
07:08:04 PM      0.00      0.00      0.00      0.00      0.00
07:08:07 PM      0.67      0.00      0.67      0.00      8.00
07:08:10 PM      0.33      0.33      0.00     16.00      0.00
07:08:13 PM      0.67      0.00      0.67      0.00      8.00
07:08:16 PM      0.33      0.00      0.33      0.00      2.67
07:08:19 PM      0.67      0.00      0.67      0.00      8.00
07:08:22 PM      0.00      0.00      0.00      0.00      0.00
07:08:25 PM      0.67      0.00      0.67      0.00      8.00
07:08:28 PM      0.00      0.00      0.00      0.00      0.00
07:08:31 PM      1.00      0.00      1.00      0.00     10.67
07:08:34 PM      0.00      0.00      0.00      0.00      0.00
07:08:37 PM      1.00      0.00      1.00      0.00     10.63
07:08:40 PM      0.00      0.00      0.00      0.00      0.00
07:08:43 PM      0.67      0.00      0.67      0.00      8.00
07:08:46 PM      0.00      0.00      0.00      0.00      0.00
07:08:49 PM      0.67      0.00      0.67      0.00      8.00
07:08:52 PM      0.00      0.00      0.00      0.00      0.00
07:08:55 PM      0.67      0.00      0.67      0.00      8.00
07:08:58 PM      0.00      0.00      0.00      0.00      0.00
07:09:01 PM      0.66      0.00      0.66      0.00     10.63
07:09:04 PM      0.00      0.00      0.00      0.00      0.00
07:09:07 PM      1.00      0.00      1.00      0.00     10.67
07:09:10 PM      0.00      0.00      0.00      0.00      0.00
07:09:13 PM      1.00      0.00      1.00      0.00     10.67
07:09:16 PM      0.00      0.00      0.00      0.00      0.00
07:09:19 PM      0.66      0.00      0.66      0.00      7.97
07:09:22 PM      0.00      0.00      0.00      0.00      0.00
07:09:25 PM      0.67      0.00      0.67      0.00      8.03
07:09:28 PM      0.33      0.00      0.33      0.00      2.66
07:09:31 PM      0.67      0.00      0.67      0.00      8.03
07:09:34 PM     64.03     39.60     24.42   3200.00   4454.13
07:09:37 PM    129.00    117.33     11.67   2549.33   2789.33
07:09:40 PM    180.30     57.86    122.44   3620.95  25069.33
07:09:43 PM    325.98    127.45    198.53   3890.20  45294.12
07:09:46 PM    161.33    156.33      5.00   2981.33   1165.33
07:09:49 PM    412.70    188.27    224.43   6332.25  43512.70
07:09:52 PM    280.27    280.27      0.00   7232.11      0.00
07:09:55 PM   1660.70   1439.59    221.11  15443.99  45851.03
07:09:58 PM    103.65     36.21     67.44    512.96  15962.79
07:10:01 PM    986.99    881.50    105.49  10589.60  22913.29
07:10:04 PM    391.37    315.69     75.69   6302.75  17057.25
07:10:07 PM    383.00    270.67    112.33   6741.33  21264.00
07:10:10 PM    220.67    188.00     32.67   2960.00   6650.67
07:10:14 PM    264.21    217.26     46.95   6138.07   8921.83
07:10:17 PM    199.00    195.35      3.65   4911.63    201.99
07:10:20 PM    363.58    324.48     39.10  10762.99   7524.78
07:10:23 PM    171.43    146.89     24.54   6722.34   5992.67
07:10:27 PM    393.30    321.51     71.79  11879.33  13935.20
07:10:30 PM    234.69    192.99     41.70   8944.65   8168.27
07:10:33 PM    172.24    140.23     32.01   4743.34   5563.74
07:10:36 PM    166.44    135.57     30.87   5200.00   5567.79
07:10:39 PM    331.36    187.85    143.50   7080.23  27796.61
07:10:42 PM    203.89    152.53     51.36   7003.89   9002.33
07:10:45 PM    278.33    218.00     60.33   9650.67  10853.33
07:10:48 PM    244.00    173.67     70.33   9109.33  13432.00
07:10:52 PM    335.12    213.99    121.13  10535.71  22723.81
07:10:55 PM    288.00    170.67    117.33   7653.33  23994.67
07:10:58 PM    412.79    322.22     90.57   8266.67  18319.19
07:11:01 PM    455.33    405.67     49.67  14514.67  10938.67
07:11:04 PM    207.64    186.71     20.93   6261.79   4467.77
07:11:07 PM    242.86    172.06     70.79   8612.06  13648.25
07:11:10 PM    441.72    379.62     62.10  12346.50  10731.21
07:11:13 PM    276.47    179.24     97.23   6939.79  16107.96
07:11:16 PM    160.99    134.06     26.93   7212.38   4091.64
07:11:19 PM    372.00    297.00     75.00  10274.67  13282.67
07:11:22 PM    200.00    122.67     77.33   5228.80  14412.80
07:11:25 PM    254.24    254.24      0.00   8064.41      0.00
07:11:28 PM    270.29    187.86     82.43   7320.13  16334.82
07:11:31 PM    161.99    148.97     13.01   5761.64   2594.52
07:11:34 PM    367.00    267.99     99.01   7559.08  18149.17
07:11:37 PM    172.76     47.18    125.58   1222.59  27824.58
07:11:40 PM    300.65     71.52    229.13   2827.18  47106.80
07:11:43 PM    169.67     76.67     93.00   2160.00  19400.00
07:11:46 PM    209.27     70.53    138.74   2442.38  24707.28
07:11:49 PM    199.34     52.32    147.02   1427.81  30762.91
07:11:52 PM    149.67     94.77     54.90   3301.96  11419.61
07:11:55 PM    641.75    443.43    198.32  10809.43  37532.66
07:11:58 PM   1546.03   1472.52     73.51  14593.38  16275.50
07:12:01 PM    308.97    134.88    174.09   4972.76  35128.24
07:12:04 PM    149.67     46.67    103.00   1200.00  20445.33
07:12:07 PM    209.17     67.34    141.83   2913.47  27293.98
07:12:10 PM    257.69     68.18    189.51   3834.97  37714.69
07:12:13 PM    207.95     49.34    158.61   2625.17  33756.29
07:12:16 PM    111.96     86.71     25.25   4882.39   4600.66
07:12:19 PM    329.57    307.97     21.59   7837.87   3114.95
07:12:23 PM    295.11    255.05     40.07   8208.47   6459.93
07:12:26 PM    293.05    246.36     46.69   7899.34   7541.72
07:12:29 PM    191.03    143.19     47.84   5645.18   9110.96
07:12:32 PM    116.34     85.62     30.72   4049.67   4431.37
07:12:35 PM    291.67    259.67     32.00   8362.67   6144.00
07:12:38 PM    205.35    152.52     52.83   6135.85   8128.30
07:12:41 PM    195.00    151.67     43.33   6288.00   8258.67
07:12:44 PM    202.33    202.33      0.00   8416.00      0.00
07:12:47 PM    598.01    437.21    160.80   8260.47  32249.83
07:12:50 PM   1398.67   1337.21     61.46  11324.92  12935.55
07:12:53 PM   1239.87   1113.95    125.91  13517.61  24045.18
07:12:56 PM    364.33    182.67    181.67   1973.33  36749.33
07:12:59 PM     47.24     32.82     14.42   1600.00   1867.48
07:13:02 PM    622.89    453.17    169.72  10647.89  40014.08
07:13:05 PM    101.72    101.38      0.34   1384.83     11.03
07:13:08 PM    129.19    128.86      0.34   1637.58      0.00
07:13:11 PM   3138.08   2885.14    252.94  28594.43  52032.20
07:13:14 PM    148.58    132.27     16.31   2896.45   3994.33
07:13:17 PM     17.94     17.61      0.33    321.59      5.32
07:13:25 PM    354.83     44.85    309.97   1484.68  67549.55
07:13:37 PM    430.49     34.95    395.53    726.99  84366.60
07:13:40 PM    266.41     21.76    244.66    400.00  50464.12
07:13:43 PM    460.88    101.70    359.18   1191.84  78446.26
07:13:46 PM    141.61     33.89    107.72    271.14  24995.97
07:13:49 PM    316.49    104.47    212.03    920.96  51081.79
07:13:52 PM    106.35    106.02      0.33    941.81      2.68
07:13:55 PM     96.30     95.96      0.34    848.48      8.08
07:13:58 PM    147.46    147.12      0.34   1700.34      0.00
07:14:01 PM    130.64    130.64      0.00   1279.46      0.00
07:14:04 PM    114.86    114.19      0.68   1629.73      8.11
07:14:07 PM     92.95     92.62      0.34    923.49      5.37
07:14:10 PM     89.23     88.89      0.34   1147.47      2.69
07:14:13 PM    115.15    114.81      0.34   1104.38      8.08
07:14:16 PM    115.49    114.48      1.01   1031.65      8.08
07:14:19 PM    123.65    123.31      0.34   1091.89     10.81
07:14:22 PM    135.57    134.90      0.67   1208.05      5.37
07:14:25 PM    127.21    126.87      0.34   1036.73      5.44
07:14:28 PM    103.03    102.69      0.34    821.55      2.69
07:14:31 PM    107.77    107.43      0.34    859.46      5.41
07:14:34 PM    117.29    116.95      0.34    943.73      2.71
07:14:37 PM    118.71    118.71      0.00    949.66      0.00
07:14:40 PM     95.95     95.27      0.68    762.16      8.11
07:14:43 PM    105.08    104.75      0.34    900.34      5.42
07:14:46 PM    133.56    132.20      1.36   1128.14     10.85
07:14:49 PM    108.42    108.08      0.34    878.11      5.39
07:14:52 PM    132.88    132.20      0.68   1239.32      5.42
07:14:55 PM    129.05    128.72      0.34   1227.03      5.41
07:14:58 PM    113.09    112.42      0.67   1049.66      5.37
07:15:01 PM    131.00    130.67      0.33   1256.00      5.33
07:15:04 PM     96.69     91.06      5.63    892.72   1358.94
07:15:07 PM    103.68    100.00      3.68   1043.48    874.92
07:15:10 PM    110.67    110.00      0.67   1002.67      8.00
07:15:13 PM    149.33    130.33     19.00   1042.67   4560.00
07:15:16 PM    108.33    108.00      0.33    864.00      2.67
07:15:19 PM    129.67    129.33      0.33   1034.67      5.33
07:15:22 PM    118.54    118.21      0.33    945.70      2.65
07:15:25 PM    105.35    104.68      0.67    837.46     50.84
07:15:28 PM    137.54    130.23      7.31   1041.86   1554.82
07:15:31 PM    154.73    130.41     24.32   1056.76   5794.59
07:15:34 PM    115.67    115.33      0.33    954.67      2.67
07:15:37 PM    117.33    117.00      0.33    936.00      5.33
07:15:40 PM    131.33    131.00      0.33   1048.00      2.67
07:15:43 PM    113.04    113.04      0.00    904.35      0.00
07:15:46 PM    144.00    143.33      0.67   1146.67      8.00
07:15:49 PM    141.86    134.55      7.31   1076.41   1475.08
07:15:52 PM    135.00    133.67      1.33   1069.33    122.67
07:15:55 PM    154.15    129.24     24.92   1116.28   6166.11
07:15:58 PM    105.69    105.35      0.33    907.02      2.68
07:16:01 PM    136.67    136.67      0.00   1141.33      0.00
07:16:04 PM    128.00    126.67      1.33   1013.33     21.33
07:16:07 PM    124.58    124.25      0.33    994.02      2.66
07:16:10 PM    116.61    115.95      0.66    927.57      7.97
07:16:13 PM    130.77    112.04     18.73    896.32   4684.95
07:16:16 PM    100.33     99.67      0.66    797.34     10.63
07:16:19 PM    105.02    104.68      0.33    837.46      5.35
07:16:22 PM    121.00    120.67      0.33    997.33      2.67
07:16:25 PM    125.67    125.33      0.33   1002.67      5.33
07:16:28 PM    110.63    101.33      9.30    810.63   2158.14
07:16:31 PM    133.55    133.22      0.33   1065.78      5.32
07:16:34 PM    122.67    121.33      1.33    970.67     10.67
07:16:37 PM    133.33    117.33     16.00    938.67   3842.67
07:16:40 PM    101.00    100.66      0.33    805.32      2.66
07:16:43 PM    124.92    124.58      0.33    996.68      2.66
07:16:46 PM    110.70    110.03      0.67    880.27      8.03
07:16:49 PM    132.33    108.33     24.00    866.67   6088.00
07:16:52 PM    106.00    105.33      0.67    858.67      8.00
07:16:55 PM    108.00    108.00      0.00    864.00      0.00
07:16:58 PM     88.63     88.29      0.33    706.35      8.03
07:17:01 PM    102.33    101.99      0.33    815.95      0.00
07:17:04 PM     94.68     94.02      0.66    757.48      7.97
07:17:07 PM     72.33     72.33      0.00    578.67      0.00
07:17:10 PM    101.98    101.32      0.66    810.56      7.92
07:17:13 PM    111.04    110.37      0.67    882.94     53.51
07:17:16 PM    162.91    107.95     54.97    863.58  13713.91
07:17:19 PM     92.33     91.67      0.67    733.33      5.33
07:17:22 PM    111.30    110.63      0.66    885.05     13.29
07:17:25 PM    101.00    100.66      0.33    805.32      5.32
07:17:28 PM    104.98    104.65      0.33    837.21      2.66
07:17:31 PM    110.30    110.30      0.00    882.39      0.00
07:17:34 PM    114.67    114.00      0.67    912.00      8.00
07:17:37 PM    102.33    101.99      0.33    815.95      5.32
07:17:40 PM    114.95    114.62      0.33    916.94      2.66
07:17:43 PM    119.27    119.27      0.00    954.15      0.00
07:17:46 PM    125.67    125.00      0.67   1000.00      8.00
07:17:49 PM    120.00    118.33      1.67    946.67     21.33
07:17:52 PM     85.33     85.00      0.33    680.00      2.67
07:17:55 PM    110.33    110.33      0.00    882.67      0.00
07:17:58 PM    112.62    111.96      0.66    895.68      7.97
07:18:01 PM     99.33     98.67      0.67    789.33     29.33
07:18:04 PM     90.67     90.33      0.33    722.67      2.67
07:18:07 PM     96.68     83.72     12.96    669.77   2990.03
07:18:10 PM     99.67     99.34      0.33    794.68      2.66
07:18:13 PM     96.67     96.67      0.00    773.33      0.00
07:18:16 PM    106.35     96.99      9.36    786.62   2100.33
07:18:19 PM    113.38    112.71      0.67    933.78     16.05
07:18:22 PM     94.33     92.33      2.00    738.67    362.67
07:18:25 PM     80.40     79.07      1.33    632.56     10.63
07:18:28 PM    122.92    100.66     22.26    805.32   5403.32
07:18:31 PM    105.33    105.33      0.00    842.67      0.00
07:18:34 PM     99.34     99.01      0.33    792.05      7.95
07:18:37 PM     81.46     81.13      0.33    649.01      0.00
07:18:40 PM    100.33     99.67      0.66    797.34      7.97
07:18:43 PM     97.00     97.00      0.00    776.00      0.00
07:18:46 PM     98.67     98.00      0.67    784.00      8.00
07:18:49 PM    124.17     93.38     30.79    747.02   7748.34
07:18:52 PM     89.67     89.00      0.67    712.00     13.33
07:18:55 PM     93.36     93.36      0.00    746.84      0.00
07:18:58 PM     94.67     94.00      0.67    752.00     10.67
07:19:01 PM     91.67     91.33      0.33    730.67      0.00
07:19:04 PM     83.72     83.06      0.66    664.45      7.97
07:19:07 PM     71.67     71.67      0.00    573.33      0.00
07:19:10 PM     85.71     85.05      0.66    680.40      7.97
07:19:13 PM     94.04     93.71      0.33    749.67      7.95
07:19:16 PM    104.67    104.33      0.33    834.67      2.67
07:19:19 PM     96.68     96.01      0.66    768.11      5.32
07:19:22 PM     82.00     75.00      7.00    600.00   1706.67
07:19:25 PM    115.28     81.40     33.89    722.92   8465.12
07:19:28 PM     99.00     98.33      0.67    786.62      8.03
07:19:31 PM    105.65    105.65      0.00    845.18      0.00
07:19:34 PM     96.01     95.02      1.00    760.13     10.63
07:19:37 PM    115.67    115.33      0.33    922.67      5.33
Average:       175.16    137.31     37.85   2442.21   7770.36
