Linux 4.2.2 (vm2_114) 	07/18/2017 	_x86_64_	(1 CPU)

01:12:23 AM       tps      rtps      wtps   bread/s   bwrtn/s
01:12:26 AM      1.67      1.67      0.00    184.62      0.00
01:12:29 AM      0.66      0.00      0.66      0.00     21.26
01:12:32 AM      0.00      0.00      0.00      0.00      0.00
01:12:35 AM      0.66      0.00      0.66      0.00     10.63
01:12:38 AM      0.33      0.00      0.33      0.00      0.00
01:12:41 AM      2.33      0.00      2.33      0.00     21.26
01:12:44 AM      0.33      0.00      0.33      0.00      2.66
01:12:47 AM      0.33      0.00      0.33      0.00      8.03
01:12:50 AM      0.33      0.00      0.33      0.00      0.00
01:12:53 AM      0.33      0.00      0.33      0.00      5.35
01:12:56 AM      1.00      0.33      0.66      2.66      5.32
01:12:59 AM      0.67      0.00      0.67      0.00     21.33
01:13:02 AM      0.33      0.00      0.33      0.00      0.00
01:13:05 AM      0.33      0.00      0.33      0.00      5.33
01:13:08 AM      0.33      0.00      0.33      0.00      2.67
01:13:11 AM      0.33      0.00      0.33      0.00      8.00
01:13:14 AM      0.33      0.00      0.33      0.00      0.00
01:13:17 AM      0.33      0.00      0.33      0.00      8.00
01:13:20 AM      0.33      0.00      0.33      0.00      0.00
01:13:23 AM      0.33      0.00      0.33      0.00     10.67
01:13:26 AM      0.33      0.00      0.33      0.00      0.00
01:13:29 AM      0.67      0.00      0.67      0.00     10.67
01:13:32 AM      0.33      0.00      0.33      0.00      0.00
01:13:35 AM      2.34      0.00      2.34      0.00     24.08
01:13:38 AM      0.00      0.00      0.00      0.00      0.00
01:13:41 AM     13.29     12.96      0.33    297.67     10.63
01:13:44 AM      0.33      0.00      0.33      0.00      0.00
01:13:47 AM      0.33      0.00      0.33      0.00      7.97
01:13:50 AM      0.33      0.00      0.33      0.00      0.00
01:13:53 AM      0.33      0.00      0.33      0.00      7.97
01:13:56 AM      0.33      0.00      0.33      0.00      0.00
01:13:59 AM      0.33      0.00      0.33      0.00      8.00
01:14:02 AM      0.33      0.00      0.33      0.00      0.00
01:14:05 AM      0.66      0.00      0.66      0.00      7.97
01:14:08 AM      0.33      0.00      0.33      0.00      2.68
01:14:11 AM      1.00      0.00      1.00      0.00     10.63
01:14:14 AM      0.33      0.00      0.33      0.00      2.66
01:14:17 AM      0.67      0.00      0.67      0.00     10.70
01:14:20 AM      0.00      0.00      0.00      0.00      0.00
01:14:23 AM      0.33      0.00      0.33      0.00      5.33
01:14:26 AM      0.33      0.00      0.33      0.00      2.67
01:14:29 AM      0.33      0.00      0.33      0.00      7.97
01:14:32 AM      0.33      0.00      0.33      0.00      0.00
01:14:35 AM      0.33      0.00      0.33      0.00      8.00
01:14:38 AM      0.33      0.00      0.33      0.00      0.00
01:14:41 AM      0.67      0.00      0.67      0.00     10.70
01:14:44 AM      0.33      0.00      0.33      0.00      0.00
01:14:47 AM      0.67      0.00      0.67      0.00     10.70
01:14:50 AM      0.66      0.00      0.66      0.00      2.66
01:14:53 AM      0.33      0.00      0.33      0.00      5.33
01:14:56 AM      0.33      0.00      0.33      0.00      2.66
01:14:59 AM      0.33      0.00      0.33      0.00      5.35
01:15:02 AM      0.33      0.00      0.33      0.00      2.67
01:15:05 AM      0.33      0.00      0.33      0.00      5.32
01:15:08 AM      0.33      0.00      0.33      0.00      2.68
01:15:11 AM      0.33      0.00      0.33      0.00      7.97
01:15:14 AM      0.33      0.00      0.33      0.00      0.00
01:15:17 AM      0.67      0.00      0.67      0.00     13.33
01:15:20 AM      0.67      0.00      0.67      0.00      2.67
01:15:23 AM      0.33      0.00      0.33      0.00      5.33
01:15:26 AM      0.33      0.00      0.33      0.00      2.66
01:15:30 AM   2731.39   2468.83    262.55  24431.17  52995.67
01:15:33 AM     43.87     43.48      0.40    559.68      0.00
01:15:36 AM     33.00     32.33      0.67    301.33      8.00
01:15:39 AM     29.67     29.67      0.00    274.67      0.00
01:15:42 AM     24.25     23.59      0.66    217.94      7.97
01:15:45 AM     29.00     29.00      0.00    258.67      0.00
01:15:48 AM     28.00     27.33      0.67    234.67      8.00
01:15:51 AM     34.88     34.88      0.00    297.67      0.00
01:15:54 AM     33.67     33.00      0.67    264.00      8.00
01:15:57 AM     36.33     36.00      0.33    354.67      2.67
01:16:00 AM     32.33     31.67      0.67    293.33      8.00
01:16:03 AM     53.67     53.67      0.00    562.67      0.00
01:16:06 AM     36.54     35.88      0.66    324.25      7.97
01:16:09 AM     32.67     32.00      0.67    280.00      5.33
01:16:12 AM     21.33     21.00      0.33    178.67     13.33
01:16:15 AM     31.00     30.67      0.33    352.00      0.00
01:16:18 AM     54.15     53.49      0.66    781.40      7.97
01:16:21 AM     27.76     27.76      0.00    240.80      0.00
01:16:24 AM     32.23     31.56      0.66    295.02     10.63
01:16:27 AM     30.00     30.00      0.00    458.67      0.00
01:16:30 AM     38.74     38.08      0.66   1207.95      7.95
01:16:33 AM     26.76     26.42      0.33    240.80      2.68
01:16:36 AM     30.00     29.33      0.67    293.33      8.00
01:16:39 AM     30.00     30.00      0.00    274.67      0.00
01:16:42 AM     32.67     31.67      1.00    304.00     10.67
01:16:45 AM     29.33     29.33      0.00    264.00      0.00
01:16:48 AM     38.00     36.33      1.67    322.67     16.00
01:16:51 AM     30.90     30.90      0.00    279.07      0.00
01:16:54 AM     39.87     39.20      0.66    457.14      7.97
01:16:57 AM     27.76     27.76      0.00    238.13      0.00
01:17:00 AM     34.55     33.89      0.66    276.41      7.97
01:17:03 AM     33.67     33.67      0.00    413.33      0.00
01:17:06 AM     39.00     38.33      0.67    325.33      8.00
01:17:09 AM     32.56     32.23      0.33    268.44      2.66
01:17:12 AM     33.89     33.22      0.66    265.78      7.97
01:17:15 AM     38.26     38.26      0.00    400.00      0.00
01:17:18 AM     58.61     57.62      0.99   1115.23     10.60
01:17:21 AM     40.47     36.12      4.35    476.25    915.05
01:17:24 AM     34.55     33.89      0.66    271.10     10.63
01:17:27 AM     34.55     34.55      0.00    276.41      0.00
01:17:30 AM     55.15     48.50      6.64   1180.07   1137.54
01:17:33 AM     24.75     24.41      0.33    203.34      2.68
01:17:36 AM     36.21     35.55      0.66    284.39      7.97
01:17:39 AM     42.67     36.33      6.33    290.67   1357.33
01:17:42 AM     34.67     33.33      1.33    274.67     13.33
01:17:45 AM     34.77     34.77      0.00    278.15      0.00
01:17:48 AM     35.55     34.88      0.66    279.07     13.29
01:17:51 AM     32.44     32.44      0.00    259.53      0.00
01:17:54 AM     43.00     36.67      6.33    293.33    914.67
Average:        53.70     49.40      4.30    506.02    783.15
