Linux 4.2.2 (vm1_27) 	07/16/2017 	_x86_64_	(1 CPU)

05:54:29 PM       tps      rtps      wtps   bread/s   bwrtn/s
05:54:32 PM      0.00      0.00      0.00      0.00      0.00
05:54:35 PM      0.67      0.00      0.67      0.00     21.33
05:54:38 PM      0.00      0.00      0.00      0.00      0.00
05:54:41 PM      0.66      0.00      0.66      0.00      7.97
05:54:44 PM      0.00      0.00      0.00      0.00      0.00
05:54:47 PM      0.67      0.00      0.67      0.00     10.67
05:54:50 PM      0.00      0.00      0.00      0.00      0.00
05:54:53 PM      1.00      0.00      1.00      0.00     10.67
05:54:56 PM      0.00      0.00      0.00      0.00      0.00
05:54:59 PM      0.67      0.00      0.67      0.00      8.03
05:55:02 PM      0.00      0.00      0.00      0.00      0.00
05:55:05 PM      3.33      0.00      3.33      0.00     40.00
05:55:08 PM      0.00      0.00      0.00      0.00      0.00
05:55:11 PM      0.66      0.00      0.66      0.00      7.97
05:55:14 PM      0.00      0.00      0.00      0.00      0.00
05:55:17 PM      0.67      0.00      0.67      0.00      8.03
05:55:20 PM      0.00      0.00      0.00      0.00      0.00
05:55:23 PM      0.67      0.00      0.67      0.00      8.00
05:55:26 PM      0.00      0.00      0.00      0.00      0.00
05:55:29 PM      0.66      0.00      0.66      0.00      7.97
05:55:32 PM      0.00      0.00      0.00      0.00      0.00
05:55:35 PM      0.66      0.00      0.66      0.00      7.97
05:55:38 PM      1.67      0.00      1.67      0.00     16.00
05:55:41 PM      0.67      0.00      0.67      0.00      8.00
05:55:44 PM      0.00      0.00      0.00      0.00      0.00
05:55:47 PM      0.67      0.00      0.67      0.00     10.67
05:55:50 PM      0.00      0.00      0.00      0.00      0.00
05:55:53 PM      0.66      0.00      0.66      0.00      7.97
05:55:56 PM      0.00      0.00      0.00      0.00      0.00
05:55:59 PM      0.67      0.00      0.67      0.00      8.00
05:56:02 PM      0.00      0.00      0.00      0.00      0.00
05:56:05 PM      0.67      0.00      0.67      0.00     10.70
05:56:08 PM      0.00      0.00      0.00      0.00      0.00
05:56:11 PM      1.33      0.00      1.33      0.00     13.29
05:56:14 PM      0.33      0.00      0.33      0.00      2.67
05:56:17 PM      0.67      0.00      0.67      0.00      8.03
05:56:20 PM      0.00      0.00      0.00      0.00      0.00
05:56:23 PM      0.67      0.00      0.67      0.00      8.00
05:56:26 PM      0.00      0.00      0.00      0.00      0.00
05:56:29 PM      0.66      0.00      0.66      0.00      7.97
05:56:32 PM      0.00      0.00      0.00      0.00      0.00
05:56:35 PM      0.67      0.00      0.67      0.00      8.00
05:56:38 PM      0.00      0.00      0.00      0.00      0.00
05:56:41 PM      0.67      0.00      0.67      0.00      8.03
05:56:44 PM      0.66      0.00      0.66      0.00      5.32
05:56:47 PM      0.67      0.00      0.67      0.00     10.67
05:56:50 PM      0.33      0.00      0.33      0.00      2.67
05:56:53 PM      0.67      0.00      0.67      0.00      8.00
05:56:56 PM      0.00      0.00      0.00      0.00      0.00
05:56:59 PM      0.66      0.00      0.66      0.00      7.97
05:57:02 PM      0.00      0.00      0.00      0.00      0.00
05:57:05 PM      0.67      0.00      0.67      0.00      8.00
05:57:08 PM      0.00      0.00      0.00      0.00      0.00
05:57:11 PM      0.66      0.00      0.66      0.00      7.97
05:57:14 PM      0.00      0.00      0.00      0.00      0.00
05:57:17 PM      0.67      0.00      0.67      0.00      8.00
05:57:20 PM      0.66      0.00      0.66      0.00      5.32
05:57:23 PM      0.67      0.00      0.67      0.00      8.03
05:57:26 PM      0.00      0.00      0.00      0.00      0.00
05:57:29 PM      0.66      0.00      0.66      0.00      7.95
05:57:32 PM      2.67      0.00      2.67      0.00    136.00
05:57:35 PM      2.66      0.33      2.33      5.32    135.55
05:57:38 PM      0.00      0.00      0.00      0.00      0.00
05:57:41 PM      0.66      0.00      0.66      0.00      7.97
05:57:44 PM      0.00      0.00      0.00      0.00      0.00
05:57:47 PM      0.67      0.00      0.67      0.00     10.67
05:57:50 PM      0.00      0.00      0.00      0.00      0.00
05:57:53 PM      0.67      0.00      0.67      0.00      8.00
05:57:56 PM      1.00      0.00      1.00      0.00      8.03
05:57:59 PM      0.66      0.00      0.66      0.00     13.29
05:58:02 PM      0.00      0.00      0.00      0.00      0.00
05:58:05 PM      2.33      0.00      2.33      0.00     21.26
05:58:08 PM      0.00      0.00      0.00      0.00      0.00
05:58:11 PM      0.67      0.00      0.67      0.00      8.00
05:58:14 PM      0.00      0.00      0.00      0.00      0.00
05:58:17 PM      0.67      0.00      0.67      0.00      8.00
05:58:20 PM      0.00      0.00      0.00      0.00      0.00
05:58:23 PM      0.67      0.00      0.67      0.00      8.00
05:58:26 PM      0.00      0.00      0.00      0.00      0.00
05:58:29 PM      1.33      0.00      1.33      0.00     13.33
05:58:32 PM      0.00      0.00      0.00      0.00      0.00
05:58:35 PM      0.66      0.00      0.66      0.00      7.97
05:58:38 PM      0.00      0.00      0.00      0.00      0.00
05:58:41 PM      0.67      0.00      0.67      0.00      8.00
05:58:44 PM      0.00      0.00      0.00      0.00      0.00
05:58:47 PM      0.67      0.00      0.67      0.00     10.67
05:58:50 PM      0.00      0.00      0.00      0.00      0.00
05:58:53 PM      0.67      0.00      0.67      0.00      8.00
05:58:56 PM      0.00      0.00      0.00      0.00      0.00
05:58:59 PM      0.67      0.00      0.67      0.00      8.03
05:59:02 PM      0.00      0.00      0.00      0.00      0.00
05:59:05 PM      1.33      0.00      1.33      0.00     13.33
05:59:08 PM      0.00      0.00      0.00      0.00      0.00
05:59:11 PM      0.66      0.00      0.66      0.00      7.97
05:59:14 PM      0.33      0.00      0.33      0.00      2.67
05:59:17 PM      0.67      0.00      0.67      0.00      8.00
05:59:20 PM      0.00      0.00      0.00      0.00      0.00
05:59:23 PM      0.67      0.00      0.67      0.00      8.00
05:59:26 PM      0.00      0.00      0.00      0.00      0.00
05:59:29 PM      0.66      0.00      0.66      0.00      7.97
05:59:32 PM      0.00      0.00      0.00      0.00      0.00
05:59:35 PM      0.67      0.00      0.67      0.00      8.00
05:59:38 PM      0.00      0.00      0.00      0.00      0.00
05:59:41 PM      1.67      0.00      1.67      0.00     21.40
05:59:44 PM      0.00      0.00      0.00      0.00      0.00
05:59:47 PM      0.66      0.00      0.66      0.00     10.60
05:59:50 PM      1.00      0.00      1.00      0.00      8.00
05:59:53 PM      0.67      0.00      0.67      0.00      8.03
05:59:56 PM      0.00      0.00      0.00      0.00      0.00
05:59:59 PM      0.67      0.00      0.67      0.00      8.00
Average:         0.50      0.00      0.50      0.05      7.90
